0	0.000003	0.000000
1	0.000020	-0.019983
2	0.000051	-0.040036
3	0.000147	-0.060178
4	0.000256	-0.080447
5	0.000380	-0.100950
6	0.000589	-0.121672
7	0.000761	-0.142658
8	0.001002	-0.164055
9	0.001269	-0.185915
10	0.001575	-0.208151
11	0.001909	-0.230969
12	0.002354	-0.254507
13	0.002808	-0.278621
14	0.003244	-0.303516
15	0.003732	-0.329461
16	0.004363	-0.356321
17	0.005036	-0.384071
18	0.005729	-0.413278
19	0.006508	-0.443745
20	0.007292	-0.475723
21	0.008267	-0.509387
22	0.009192	-0.544975
23	0.010318	-0.582991
24	0.011457	-0.623143
25	0.012756	-0.666013
26	0.014160	-0.711959
27	0.015807	-0.761345
28	0.017461	-0.814853
29	0.019490	-0.873196
30	0.021597	-0.936390
31	0.023922	-1.005987
32	0.026584	-1.082694
33	0.029521	-1.167796
34	0.033016	-1.263038
35	0.036828	-1.370402
36	0.041306	-1.492940
37	0.046401	-1.633231
38	0.052287	-1.796226
39	0.059581	-1.988225
40	0.068113	-2.217871
41	0.078521	-2.498298
42	0.091749	-2.846563
43	0.108815	-3.294622
44	0.131319	-3.889031
45	0.162993	-4.721530
46	0.210735	-5.967504
47	0.289751	-8.035789
48	0.447928	-12.161710
49	0.918690	-24.425259
50	78.494667	-2045.744019
51	-1.000179	25.532614
52	-0.511839	12.811584
53	-0.350116	8.604265
54	-0.269353	6.503756
55	-0.221607	5.246279
56	-0.189374	4.406589
57	-0.166479	3.808043
58	-0.149634	3.358759
59	-0.136251	3.008043
60	-0.125587	2.727957
61	-0.117016	2.497103
62	-0.109794	2.306476
63	-0.103675	2.143626
64	-0.098376	2.004420
65	-0.093847	1.883643
66	-0.090032	1.777157
67	-0.086627	1.683610
68	-0.083547	1.599684
69	-0.080802	1.524933
70	-0.078235	1.457168
71	-0.076098	1.396029
72	-0.074091	1.340357
73	-0.072227	1.289089
74	-0.070561	1.242231
75	-0.069046	1.198755
76	-0.067610	1.158785
77	-0.066346	1.121754
78	-0.065041	1.086986
79	-0.063930	1.054640
80	-0.062900	1.024433
81	-0.061184	0.995703
82	-0.061044	0.969599
83	-0.060263	0.944008
84	-0.059181	0.920471
85	-0.058571	0.898362
86	-0.058010	0.876999
87	-0.057175	0.856915
88	-0.056538	0.837999
89	-0.056006	0.819699
90	-0.055400	0.802186
91	-0.054767	0.785863
92	-0.054507	0.770182
93	-0.053862	0.755796
94	-0.053572	0.740563
95	-0.053000	0.726460
96	-0.052582	0.713441
97	-0.052183	0.700554
98	-0.051398	0.688164
99	-0.051445	0.676833
100	-0.051131	0.665403
101	-0.050939	0.654261
102	-0.050479	0.643792
103	-0.050399	0.633785
104	-0.050014	0.623852
105	-0.049577	0.614329
106	-0.049284	0.605296
107	-0.049042	0.596515
108	-0.048728	0.587746
109	-0.048498	0.579740
110	-0.048431	0.571864
111	-0.048042	0.563576
112	-0.047744	0.555887
113	-0.047735	0.548942
114	-0.047548	0.541578
115	-0.047179	0.534703
116	-0.046962	0.528213
117	-0.046896	0.521450
118	-0.047039	0.514999
119	-0.046182	0.508673
120	-0.046414	0.502844
121	-0.046204	0.496626
122	-0.046140	0.491051
123	-0.045987	0.485611
124	-0.045713	0.480125
125	-0.045498	0.474642
126	-0.045623	0.469965
127	-0.045380	0.464385
128	-0.044325	0.458813
129	-0.045139	0.454684
130	-0.044877	0.449788
131	-0.044956	0.445101
132	-0.044549	0.442706
133	-0.044526	0.436087
134	-0.044503	0.431950
135	-0.044398	0.427485
136	-0.044042	0.423474
137	-0.044112	0.419545
138	-0.043662	0.415692
139	-0.044174	0.411551
140	-0.043944	0.407713
141	-0.043758	0.403937
142	-0.043817	0.400283
143	-0.043954	0.396635
144	-0.043667	0.393183
145	-0.043324	0.389652
146	-0.043464	0.386155
147	-0.043300	0.382905
148	-0.043240	0.379776
149	-0.043222	0.376494
150	-0.043246	0.373216
151	-0.043331	0.370045
152	-0.042921	0.367157
153	-0.042761	0.364132
154	-0.042894	0.361205
155	-0.042428	0.358399
156	-0.042709	0.355357
157	-0.042662	0.352618
158	-0.042333	0.349377
159	-0.042733	0.347172
160	-0.042524	0.344553
161	-0.042502	0.342023
162	-0.042087	0.339286
163	-0.042319	0.336900
164	-0.042347	0.334416
165	-0.042188	0.331894
166	-0.041857	0.329520
167	-0.042268	0.326969
168	-0.042067	0.324819
169	-0.041982	0.322364
170	-0.042172	0.320278
171	-0.042101	0.317559
172	-0.041890	0.315701
173	-0.041714	0.312665
174	-0.041710	0.311240
175	-0.041706	0.309031
176	-0.041745	0.307004
177	-0.041741	0.305164
178	-0.041634	0.303027
179	-0.041323	0.300814
180	-0.041100	0.298684
181	-0.041859	0.297024
182	-0.041477	0.294935
183	-0.041750	0.293226
184	-0.041109	0.291261
185	-0.041044	0.289518
186	-0.041539	0.287885
187	-0.041301	0.285833
188	-0.041427	0.284049
189	-0.041266	0.282566
190	-0.041311	0.280585
191	-0.041044	0.278864
192	-0.041192	0.277323
193	-0.041200	0.275665
194	-0.041160	0.273978
195	-0.041168	0.272479
196	-0.040369	0.272302
197	-0.040820	0.268886
198	-0.041089	0.267475
199	-0.040923	0.266220
200	-0.040916	0.264430
201	-0.040896	0.263050
202	-0.040745	0.261658
203	-0.040711	0.259968
204	-0.041253	0.258129
205	-0.040659	0.257003
206	-0.041001	0.255607
207	-0.040870	0.254183
208	-0.040774	0.252829
209	-0.040869	0.251510
210	-0.039160	0.249634
211	-0.040835	0.248556
212	-0.040497	0.247714
213	-0.040604	0.246494
214	-0.040751	0.244823
215	-0.040562	0.244358
216	-0.040626	0.242194
217	-0.040168	0.240914
218	-0.040016	0.239830
219	-0.039982	0.238721
220	-0.040187	0.237327
221	-0.040513	0.236202
222	-0.040383	0.234954
223	-0.040271	0.233435
224	-0.040289	0.232400
225	-0.040817	0.230094
226	-0.040238	0.230251
227	-0.040204	0.229527
228	-0.040185	0.228089
229	-0.040288	0.226732
230	-0.040171	0.225813
231	-0.040279	0.224747
232	-0.040248	0.223587
233	-0.039327	0.222819
234	-0.040096	0.221585
235	-0.040220	0.220093
236	-0.040078	0.219488
237	-0.041020	0.218884
238	-0.040003	0.217334
239	-0.040128	0.216315
240	-0.049298	0.210211
241	-0.039053	0.212641
242	-0.040244	0.212480
243	-0.039954	0.212238
244	-0.040048	0.211302
245	-0.039768	0.210525
246	-0.039989	0.209767
247	-0.040122	0.208417
248	-0.039805	0.207832
249	-0.039864	0.205885
250	-0.040163	0.206084
251	-0.040416	0.205392
252	-0.039650	0.204111
253	-0.039927	0.202998
254	-0.039623	0.201858
255	-0.039919	0.201299
256	-0.040474	0.200528
257	-0.039861	0.199635
258	-0.040027	0.198741
259	-0.040020	0.197927
260	-0.041268	0.195893
261	-0.039942	0.196156
262	-0.039780	0.195108
263	-0.039852	0.194352
264	-0.039505	0.193530
265	-0.039739	0.192968
266	-0.039851	0.192286
267	-0.039821	0.191357
268	-0.039692	0.190498
269	-0.039870	0.189945
270	-0.040359	0.189944
271	-0.035891	0.189772
272	-0.039527	0.187579
273	-0.039708	0.186771
274	-0.039516	0.185832
275	-0.040182	0.184835
276	-0.039704	0.184576
277	-0.040099	0.183802
278	-0.039579	0.182955
279	-0.039285	0.181967
280	-0.039096	0.181956
281	-0.039545	0.180949
282	-0.039499	0.180566
283	-0.039514	0.179426
284	-0.039642	0.178667
285	-0.039540	0.177552
286	-0.039728	0.177538
287	-0.039459	0.176456
288	-0.040411	0.175307
289	-0.040448	0.175645
290	-0.039437	0.173474
291	-0.039599	0.174090
292	-0.039513	0.173313
293	-0.039906	0.173113
294	-0.039755	0.172167
295	-0.039541	0.171394
296	-0.038967	0.170990
297	-0.039736	0.170538
298	-0.039383	0.169171
299	-0.039408	0.168816
300	-0.039388	0.168321
301	-0.038772	0.168053
302	-0.040277	0.167398
303	-0.039314	0.166508
304	-0.039399	0.165624
305	-0.039231	0.165354
306	-0.039325	0.164858
307	-0.039478	0.164090
308	-0.039413	0.163602
309	-0.039192	0.163026
310	-0.039369	0.162559
311	-0.039206	0.161865
312	-0.039368	0.161413
313	-0.039770	0.160772
314	-0.039237	0.160233
315	-0.039342	0.159579
316	-0.039172	0.158784
317	-0.040419	0.158374
318	-0.039354	0.158035
319	-0.039629	0.157618
320	-0.040039	0.156307
321	-0.039068	0.156450
322	-0.039647	0.155869
323	-0.039256	0.155102
324	-0.039543	0.154162
325	-0.039334	0.154321
326	-0.039028	0.154008
327	-0.039287	0.153209
328	-0.039142	0.152770
329	-0.039405	0.152258
330	-0.038936	0.151665
331	-0.039214	0.151681
332	-0.040441	0.151191
333	-0.039434	0.150042
334	-0.039176	0.149446
335	-0.038927	0.148754
336	-0.038876	0.148582
337	-0.041012	0.148310
338	-0.038965	0.148788
339	-0.039172	0.147295
340	-0.039112	0.146243
341	-0.039545	0.146707
342	-0.039619	0.145244
343	-0.039057	0.145790
344	-0.039361	0.144740
345	-0.039156	0.145726
346	-0.038388	0.143537
347	-0.038884	0.143289
348	-0.038171	0.159654
349	-0.039093	0.142543
350	-0.039129	0.142099
351	-0.039258	0.141919
352	-0.039747	0.141003
353	-0.038564	0.142420
354	-0.038894	0.140596
355	-0.039649	0.140405
356	-0.038937	0.139978
357	-0.040476	0.138036
358	-0.038032	0.138996
359	-0.039637	0.138732
360	-0.038559	0.137601
361	-0.039762	0.137853
362	-0.039412	0.137528
363	-0.038912	0.137217
364	-0.040083	0.135658
365	-0.039485	0.135393
366	-0.039212	0.135405
367	-0.038404	0.134613
368	-0.038796	0.134526
369	-0.038123	0.134969
370	-0.038880	0.134201
371	-0.038982	0.133278
372	-0.039307	0.132819
373	-0.039112	0.132483
374	-0.039122	0.132442
375	-0.039329	0.131694
376	-0.039287	0.131443
377	-0.039109	0.130993
378	-0.038633	0.130751
379	-0.038816	0.130477
380	-0.039848	0.130676
381	-0.041951	0.132413
382	-0.039478	0.129383
383	-0.037197	0.130812
384	-0.038061	0.127639
385	-0.037852	0.131743
386	-0.039111	0.127813
387	-0.039621	0.127607
388	-0.038814	0.126925
389	-0.038892	0.126864
390	-0.038974	0.126740
391	-0.038965	0.125716
392	-0.038799	0.125749
393	-0.038651	0.124878
394	-0.039131	0.124777
395	-0.039144	0.124708
396	-0.038531	0.124771
397	-0.039483	0.124260
398	-0.038805	0.124666
399	-0.039053	0.123228
400	-0.039305	0.123223
401	-0.039652	0.123516
402	-0.038331	0.122541
403	-0.038761	0.121584
404	-0.038907	0.121928
405	-0.039017	0.120924
406	-0.039313	0.120445
407	-0.038723	0.120657
408	-0.039319	0.120316
409	-0.038101	0.119763
410	-0.039885	0.120274
411	-0.040690	0.118111
412	-0.038996	0.119554
413	-0.036856	0.103127
414	-0.039011	0.117002
415	-0.038904	0.117918
416	-0.038402	0.117586
417	-0.038917	0.115758
418	-0.034693	0.117497
419	-0.038838	0.117133
420	-0.038202	0.116612
421	-0.029874	0.114901
422	-0.039120	0.116256
423	-0.038811	0.115947
424	-0.038641	0.115608
425	-0.038733	0.114667
426	-0.040057	0.114297
427	-0.038685	0.114957
428	-0.038824	0.114171
429	-0.038996	0.114158
430	-0.038146	0.113380
431	-0.037328	0.113522
432	-0.039081	0.112973
433	-0.039613	0.112678
434	-0.037697	0.111442
435	-0.038783	0.112476
436	-0.039104	0.111533
437	-0.039025	0.111133
438	-0.039095	0.111288
439	-0.038748	0.111088
440	-0.039118	0.110670
441	-0.038761	0.110724
442	-0.038696	0.110414
443	-0.038628	0.112127
444	-0.038737	0.109095
445	-0.037993	0.109965
446	-0.038974	0.110047
447	-0.038641	0.109268
448	-0.039169	0.108344
449	-0.039633	0.102518
450	-0.038363	0.107684
451	-0.038913	0.108185
452	-0.038747	0.107461
453	-0.038920	0.107234
454	-0.038821	0.107453
455	-0.038943	0.106728
456	-0.038445	0.105948
457	-0.038573	0.106313
458	-0.038537	0.105885
459	-0.040554	0.105910
460	-0.039136	0.105902
461	-0.038391	0.103625
462	-0.038810	0.105039
463	-0.039107	0.103687
464	-0.038908	0.103996
465	-0.038729	0.104432
466	-0.038335	0.103561
467	-0.038972	0.103471
468	-0.039263	0.103326
469	-0.038824	0.102915
470	-0.038459	0.103701
471	-0.038621	0.102813
472	-0.038993	0.102214
473	-0.037589	0.101832
474	-0.038849	0.101961
475	-0.038754	0.101468
476	-0.038282	0.101198
477	-0.038521	0.101176
478	-0.038692	0.101445
479	-0.038420	0.101246
480	-0.038456	0.100149
481	-0.038517	0.100017
482	-0.038719	0.101466
483	-0.038405	0.099773
484	-0.038603	0.099026
485	-0.038985	0.099303
486	-0.038311	0.098827
487	-0.038827	0.099029
488	-0.038577	0.098548
489	-0.038381	0.099264
490	-0.040558	0.095477
491	-0.035938	0.095634
492	-0.038681	0.098078
493	-0.039339	0.097796
494	-0.040677	0.095420
495	-0.038522	0.097126
496	-0.038586	0.096505
497	-0.038858	0.097168
498	-0.038771	0.097030
499	-0.038872	0.096158
500	-0.038424	0.095988
501	-0.038945	0.095326
502	-0.039316	0.096581
503	-0.039352	0.095978
504	-0.038779	0.094683
505	-0.038945	0.095060
506	-0.038652	0.095033
507	-0.038945	0.094097
508	-0.038514	0.094293
509	-0.038276	0.094218
510	-0.039055	0.091684
511	-0.038800	0.092154
512	-0.038458	0.093149
513	-0.038258	0.093858
514	-0.037463	0.094494
515	-0.038546	0.092592
516	-0.041307	0.091103
517	-0.039155	0.092241
518	-0.039020	0.092316
519	-0.038996	0.092017
520	-0.038792	0.091731
521	-0.038641	0.091648
522	-0.038561	0.091265
523	-0.038437	0.091743
524	-0.038880	0.090808
525	-0.038614	0.091149
526	-0.038218	0.090480
527	-0.038351	0.090241
528	-0.038501	0.090467
529	-0.039351	0.090325
530	-0.037473	0.089673
531	-0.042724	0.087933
532	-0.037577	0.091049
533	-0.039735	0.089085
534	-0.037336	0.089159
535	-0.038443	0.088753
536	-0.038869	0.088732
537	-0.036526	0.089117
538	-0.038319	0.088579
539	-0.038651	0.088101
540	-0.038962	0.087899
541	-0.038132	0.087688
542	-0.038722	0.087813
543	-0.039346	0.087596
544	-0.038669	0.087043
545	-0.038468	0.087608
546	-0.038882	0.087094
547	-0.036038	0.086518
548	-0.039290	0.086364
549	-0.038623	0.086034
550	-0.038738	0.085312
551	-0.037925	0.086162
552	-0.038707	0.085541
553	-0.038791	0.085573
554	-0.038580	0.084732
555	-0.038104	0.085262
556	-0.038154	0.085644
557	-0.037794	0.084342
558	-0.037894	0.085119
559	-0.039136	0.084780
560	-0.038688	0.084644
561	-0.037959	0.085934
562	-0.034038	0.087748
563	-0.038275	0.084341
564	-0.046498	0.086185
565	-0.038730	0.083440
566	-0.040314	0.082054
567	-0.038169	0.083040
568	-0.014982	0.076074
569	-0.039466	0.082295
570	-0.038734	0.082653
571	-0.038468	0.082194
572	-0.038721	0.081900
573	-0.038620	0.082633
574	-0.038567	0.081681
575	-0.038808	0.081762
576	-0.038185	0.081192
577	-0.039738	0.081745
578	-0.039031	0.081895
579	-0.038861	0.081418
580	-0.038681	0.081403
581	-0.038432	0.080420
582	-0.038486	0.080786
583	-0.038380	0.080656
584	-0.038944	0.079940
585	-0.038072	0.080334
586	-0.038264	0.080189
587	-0.038150	0.080196
588	-0.039461	0.078591
589	-0.038692	0.079570
590	-0.040587	0.079649
591	-0.038626	0.079361
592	-0.038090	0.079411
593	-0.039316	0.079269
594	-0.038631	0.078969
595	-0.037305	0.079307
596	-0.038476	0.078413
597	-0.039127	0.078192
598	-0.038155	0.078629
599	-0.038848	0.077901
600	-0.038810	0.077476
601	-0.038582	0.077487
602	-0.038243	0.075010
603	-0.036902	0.076848
604	-0.038101	0.077039
605	-0.039907	0.077839
606	-0.038860	0.076787
607	-0.038732	0.076732
608	-0.038102	0.076597
609	-0.037641	0.079196
610	-0.038382	0.074190
611	-0.038807	0.076460
612	-0.038676	0.075870
613	-0.039305	0.075890
614	-0.038917	0.076247
615	-0.038103	0.076398
616	-0.038793	0.075439
617	-0.038562	0.075311
618	-0.039025	0.075588
619	-0.039200	0.074928
620	-0.038552	0.075019
621	-0.036875	0.073082
622	-0.041197	0.073008
623	-0.038932	0.074920
624	-0.037829	0.074583
625	-0.038811	0.074490
626	-0.038556	0.073900
627	-0.038783	0.073726
628	-0.038739	0.073780
629	-0.038515	0.073630
630	-0.038313	0.072712
631	-0.039300	0.073888
632	-0.039032	0.073233
633	-0.038291	0.073029
634	-0.038383	0.073084
635	-0.037980	0.072888
636	-0.038720	0.072518
637	-0.047345	0.073458
638	-0.038628	0.071764
639	-0.038684	0.072250
640	-0.038607	0.072078
641	-0.038974	0.072079
642	-0.038232	0.074083
643	-0.039385	0.071643
644	-0.039356	0.070699
645	-0.040993	0.071893
646	-0.038331	0.071409
647	-0.038369	0.071193
648	-0.038609	0.071052
649	-0.038636	0.070547
650	-0.037834	0.070665
651	-0.039189	0.071498
652	-0.038078	0.070791
653	-0.039469	0.070126
654	-0.039055	0.064990
655	-0.038589	0.070038
656	-0.037322	0.069333
657	-0.038050	0.070198
658	-0.039238	0.070993
659	-0.039146	0.069413
660	-0.039824	0.069317
661	-0.038617	0.069768
662	-0.038108	0.069257
663	-0.038514	0.068827
664	-0.039058	0.068401
665	-0.040010	0.069873
666	-0.038266	0.068494
667	-0.038662	0.069097
668	-0.038063	0.069185
669	-0.037857	0.069618
670	-0.038298	0.068302
671	-0.034696	0.066651
672	-0.036165	0.064772
673	-0.039620	0.067539
674	-0.038249	0.067426
675	-0.040513	0.072454
676	-0.036664	0.066874
677	-0.040321	0.068051
678	-0.038531	0.067321
679	-0.037000	0.066101
680	-0.040459	0.067229
681	-0.035886	0.065684
682	-0.037362	0.066630
683	-0.037819	0.065735
684	-0.039636	0.065579
685	-0.038542	0.066546
686	-0.038261	0.066006
687	-0.036737	0.065818
688	-0.039145	0.067365
689	-0.038790	0.065482
690	-0.037971	0.065335
691	-0.035580	0.064208
692	-0.038622	0.064925
693	-0.038088	0.065286
694	-0.038690	0.064843
695	-0.038819	0.065378
696	-0.038225	0.064472
697	-0.038869	0.065091
698	-0.038269	0.062885
699	-0.039900	0.063131
700	-0.038873	0.064042
701	-0.039371	0.065680
702	-0.038248	0.063700
703	-0.058032	0.067014
704	-0.037607	0.063579
705	-0.036440	0.063972
706	-0.038629	0.064734
707	-0.038116	0.063818
708	-0.038312	0.064271
709	-0.038220	0.063384
710	-0.035197	0.063836
711	-0.038525	0.063484
712	-0.037323	0.050078
713	-0.038498	0.063739
714	-0.037801	0.064715
715	-0.038522	0.063454
716	-0.038531	0.063366
717	-0.038449	0.062344
718	-0.038477	0.063121
719	-0.039116	0.063691
720	-0.039461	0.062052
721	-0.037791	0.062659
722	-0.037390	0.061617
723	-0.038188	0.062566
724	-0.038765	0.062502
725	-0.035652	0.061523
726	-0.039174	0.063214
727	-0.036761	0.061706
728	-0.038719	0.059708
729	-0.038640	0.060745
730	-0.038597	0.060920
731	-0.038320	0.062249
732	-0.037522	0.059705
733	-0.038797	0.061020
734	-0.038325	0.060416
735	-0.038377	0.061559
736	-0.037848	0.061127
737	-0.038951	0.060847
738	-0.038819	0.060324
739	-0.037296	0.059380
740	-0.039025	0.059812
741	-0.037870	0.058292
742	-0.038798	0.060308
743	-0.037588	0.062569
744	-0.040450	0.060204
745	-0.039925	0.060079
746	-0.038763	0.059250
747	-0.039312	0.061035
748	-0.040123	0.060173
749	-0.038320	0.059702
750	-0.053795	0.065439
751	-0.039843	0.059208
752	-0.038614	0.058975
753	-0.037440	0.058913
754	-0.037151	0.060461
755	-0.039004	0.058384
756	-0.037442	0.059383
757	-0.039477	0.060482
758	-0.038265	0.058460
759	-0.038882	0.058256
760	-0.037918	0.058600
761	-0.038484	0.058115
762	-0.037947	0.058244
763	-0.038708	0.058034
764	-0.043556	0.057185
765	-0.038147	0.057268
766	-0.038325	0.054771
767	-0.037978	0.055005
768	-0.036170	0.056796
769	-0.038694	0.057662
770	-0.038083	0.057957
771	-0.037667	0.053702
772	-0.038427	0.056798
773	-0.038801	0.057433
774	-0.037853	0.056740
775	-0.038438	0.057939
776	-0.039306	0.057201
777	-0.038960	0.056488
778	-0.039017	0.055751
779	-0.039937	0.062334
780	-0.038355	0.056150
781	-0.038374	0.056174
782	-0.037514	0.055805
783	-0.042712	0.047470
784	-0.038347	0.056605
785	-0.038028	0.053694
786	-0.038000	0.053967
787	-0.038950	0.056053
788	-0.036891	0.054787
789	-0.039117	0.055367
790	-0.039334	0.054895
791	-0.038397	0.055441
792	-0.038551	0.054977
793	-0.038548	0.056702
794	-0.037224	0.055229
795	-0.044749	0.055006
796	-0.038060	0.054696
797	-0.039895	0.054429
798	-0.038982	0.055384
799	-0.037708	0.055076
800	-0.037952	0.055433
801	-0.038036	0.054123
802	-0.038699	0.053973
803	-0.038422	0.053133
804	-0.039115	0.054834
805	-0.037976	0.054566
806	-0.037381	0.053769
807	-0.044431	0.053034
808	-0.040081	0.063048
809	-0.037792	0.054563
810	-0.037978	0.054430
811	-0.037764	0.054049
812	-0.036180	0.056769
813	-0.038090	0.053795
814	-0.038819	0.049174
815	-0.038016	0.054003
816	-0.039405	0.054375
817	-0.038769	0.053380
818	-0.040162	0.053321
819	-0.036336	0.054179
820	-0.020248	0.050924
821	-0.038684	0.052841
822	-0.037387	0.052878
823	-0.039360	0.052468
824	-0.037692	0.052973
825	-0.040527	0.050570
826	-0.038950	0.052397
827	-0.039808	0.051965
828	-0.039034	0.052005
829	-0.039517	0.053462
830	-0.037543	0.051361
831	-0.039076	0.052594
832	-0.035484	0.051500
833	-0.040436	0.051859
834	-0.038276	0.053354
835	-0.038405	0.051021
836	-0.037673	0.052007
837	-0.038738	0.051678
838	-0.038762	0.051574
839	-0.039408	0.050769
840	-0.039126	0.053137
841	-0.038929	0.051667
842	-0.037397	0.055088
843	-0.038533	0.050329
844	-0.038868	0.051277
845	-0.038256	0.050882
846	-0.035348	0.053199
847	-0.039729	0.051291
848	-0.038764	0.051128
849	-0.038737	0.050139
850	-0.038465	0.050671
851	-0.038283	0.050761
852	-0.039147	0.050311
853	-0.038284	0.052804
854	-0.037717	0.050636
855	-0.036077	0.050190
856	-0.043146	0.050034
857	-0.038333	0.050925
858	-0.038186	0.049432
859	-0.038096	0.049375
860	-0.039607	0.049812
861	-0.038399	0.049417
862	-0.039782	0.049114
863	-0.039349	0.051565
864	-0.038470	0.048907
865	-0.039760	0.049906
866	-0.038869	0.049197
867	-0.039630	0.048591
868	-0.039270	0.048550
869	-0.039300	0.048044
870	-0.038832	0.049148
871	-0.038499	0.049203
872	-0.037708	0.048689
873	-0.037039	0.050014
874	-0.038745	0.049812
875	-0.038696	0.048814
876	-0.036554	0.047094
877	-0.038083	0.047769
878	-0.038231	0.048340
879	-0.038512	0.048514
880	-0.020990	0.042006
881	-0.036435	0.050063
882	-0.040292	0.049180
883	-0.037844	0.048339
884	-0.038588	0.047379
885	-0.037573	0.048180
886	-0.038224	0.048085
887	-0.038271	0.048249
888	-0.035159	0.048657
889	-0.038399	0.047751
890	-0.038649	0.047305
891	-0.039075	0.047320
892	-0.039752	0.047226
893	-0.021218	0.042210
894	-0.039061	0.047320
895	-0.038721	0.046967
896	-0.038782	0.046262
897	-0.039332	0.046813
898	-0.037974	0.047604
899	-0.038967	0.046238
900	-0.039140	0.046048
901	-0.038516	0.046504
902	-0.038189	0.046141
903	-0.038784	0.046734
904	-0.038401	0.046359
905	-0.039184	0.046560
906	-0.038033	0.041330
907	-0.038750	0.045939
908	-0.038905	0.046297
909	-0.038890	0.045570
910	-0.039087	0.046563
911	-0.037342	0.047796
912	-0.038786	0.045897
913	-0.037886	0.046956
914	-0.038778	0.046024
915	-0.038124	0.046034
916	-0.038201	0.044804
917	-0.038179	0.045233
918	-0.037547	0.043654
919	-0.040789	0.045469
920	-0.038571	0.045655
921	-0.038932	0.045218
922	-0.038324	0.045209
923	-0.034942	0.046007
924	-0.038078	0.045113
925	-0.036091	0.043620
926	-0.037252	0.043748
927	-0.038386	0.044437
928	-0.037967	0.051320
929	-0.038706	0.042986
930	-0.038497	0.045010
931	-0.039954	0.044527
932	-0.036171	0.044075
933	-0.040547	0.045161
934	-0.038493	0.044153
935	-0.038078	0.044654
936	-0.037741	0.043508
937	-0.037378	0.043547
938	-0.038918	0.044030
939	-0.037775	0.044756
940	-0.038520	0.043242
941	-0.038768	0.043698
942	-0.040831	0.042408
943	-0.038821	0.044121
944	-0.037777	0.043324
945	-0.039205	0.042344
946	-0.037253	0.042760
947	-0.038122	0.043327
948	-0.037971	0.042776
949	-0.037305	0.043224
950	-0.038253	0.043076
951	-0.038050	0.043548
952	-0.039433	0.044423
953	-0.037405	0.042755
954	-0.039096	0.042861
955	-0.035428	-0.007046
956	-0.038696	0.042931
957	-0.038308	0.042420
958	-0.039197	0.043058
959	-0.038914	0.042852
960	-0.038687	0.041919
961	-0.038415	0.042171
962	-0.038498	0.043392
963	-0.038234	0.042285
964	-0.038337	0.042501
965	-0.039521	0.043676
966	-0.037789	0.040378
967	-0.038779	0.041497
968	-0.038701	0.042723
969	-0.039452	0.040958
970	-0.037836	0.042415
971	-0.037732	0.042026
972	-0.038483	0.040729
973	-0.035917	0.040586
974	-0.038282	0.041409
975	-0.038034	0.041304
976	-0.037802	0.040854
977	-0.038304	0.039294
978	-0.038255	0.041316
979	-0.037971	0.041309
980	-0.037684	0.040976
981	-0.038137	0.041739
982	-0.037925	0.039412
983	-0.038674	0.041559
984	-0.036971	0.040126
985	-0.038390	0.041182
986	-0.037976	0.040195
987	-0.036809	0.038832
988	-0.038487	0.040863
989	-0.039167	0.040542
990	-0.038293	0.041424
991	-0.038111	0.041662
992	-0.038405	0.039751
993	-0.037311	0.040629
994	-0.037891	0.042108
995	-0.015661	0.009532
996	-0.038290	0.040409
997	-0.037764	0.040503
998	-0.037775	0.039227
999	-0.046299	0.044546
1000	-0.039607	0.040505
1001	-0.038513	0.040451
1002	-0.037788	0.036518
1003	-0.037607	0.039362
1004	-0.039010	0.039199
1005	-0.038698	0.039112
1006	-0.037747	0.039062
1007	-0.038365	0.038682
1008	-0.037597	0.038442
1009	-0.037609	0.040365
1010	-0.038633	0.039576
1011	-0.038389	0.039767
1012	-0.038285	0.039364
1013	-0.038304	0.038119
1014	-0.038579	0.039310
1015	-0.040843	0.035602
1016	-0.038276	0.038821
1017	-0.038370	0.038899
1018	-0.038891	0.040080
1019	-0.038820	0.038306
1020	-0.038836	0.038469
1021	-0.038327	0.038975
1022	-0.038745	0.037500
1023	-0.037758	0.040018
1024	-0.037277	0.037492
1025	-0.035188	0.038609
1026	-0.038716	0.038746
1027	-0.038247	0.038267
1028	-0.037853	0.037688
1029	-0.038578	0.038513
1030	-0.038516	0.038119
1031	-0.038692	0.037334
1032	-0.038340	0.037334
1033	-0.025883	0.038039
1034	-0.038074	0.037676
1035	-0.037975	0.037754
1036	-0.038415	0.036794
1037	-0.038950	0.037895
1038	-0.036240	0.035704
1039	-0.038755	0.038271
1040	-0.039419	0.036572
1041	-0.038211	0.038354
1042	-0.038842	0.037577
1043	-0.038642	0.037755
1044	-0.038197	0.036130
1045	-0.037941	0.037220
1046	-0.037662	0.037218
1047	-0.039931	0.035468
1048	-0.038389	0.036922
1049	-0.038084	0.036852
1050	-0.038299	0.036659
1051	-0.037830	0.037182
1052	-0.038317	0.031405
1053	-0.038620	0.036601
1054	-0.038116	0.042473
1055	-0.035720	0.036904
1056	-0.038963	0.036220
1057	-0.038780	0.036478
1058	-0.039870	0.036907
1059	-0.037009	0.036216
1060	-0.039194	0.035954
1061	-0.036630	0.036433
1062	-0.038531	0.035959
1063	-0.037942	0.036592
1064	-0.038415	0.036977
1065	-0.039197	0.036194
1066	-0.037557	0.038642
1067	-0.038499	0.035911
1068	-0.038437	0.036176
1069	-0.035312	0.034133
1070	-0.038401	0.038234
1071	-0.039107	0.036573
1072	-0.039632	0.036869
1073	-0.038292	0.035421
1074	-0.038645	0.035690
1075	-0.037297	0.035909
1076	-0.037280	0.036318
1077	-0.037697	0.034621
1078	-0.031796	0.033994
1079	-0.038509	0.035422
1080	-0.037826	0.035129
1081	-0.039489	0.035361
1082	-0.038068	0.034781
1083	-0.036407	0.035076
1084	-0.038359	0.035260
1085	-0.040151	0.035158
1086	-0.039546	0.034506
1087	-0.039890	0.033968
1088	-0.037392	0.035396
1089	-0.039241	0.032002
1090	-0.039198	0.034810
1091	-0.038633	0.034975
1092	-0.039238	0.034433
1093	-0.037115	0.034251
1094	-0.038461	0.035517
1095	-0.038614	0.034586
1096	-0.037238	0.034426
1097	-0.037637	0.034436
1098	-0.035987	0.033709
1099	-0.039869	0.034891
1100	-0.036868	0.037905
1101	-0.038864	0.033957
1102	-0.039219	0.018776
1103	-0.037098	0.033930
1104	-0.038358	0.033771
1105	-0.037287	0.033609
1106	-0.038134	0.031132
1107	-0.039222	0.035610
1108	-0.038603	0.033960
1109	-0.038034	0.033325
1110	-0.038111	0.032784
1111	-0.039997	0.034733
1112	-0.037782	0.033487
1113	-0.040499	0.033144
1114	-0.038642	0.033258
1115	-0.038048	0.033365
1116	-0.038832	0.033316
1117	-0.039592	0.033291
1118	-0.038204	0.029884
1119	-0.038265	0.032690
1120	-0.038765	0.032995
1121	-0.036893	0.031818
1122	-0.037752	0.034020
1123	-0.038642	0.032946
1124	-0.038749	0.032653
1125	-0.036021	0.033473
1126	-0.039296	0.031850
1127	-0.038052	0.032667
1128	-0.037593	0.030891
1129	-0.039542	0.033253
1130	-0.038344	0.032527
1131	-0.038385	0.033686
1132	-0.043212	0.029551
1133	-0.038741	0.031853
1134	-0.040198	0.054472
1135	-0.037968	0.029481
1136	-0.037146	0.032362
1137	-0.038674	0.032003
1138	-0.030962	0.019981
1139	-0.035556	0.035038
1140	-0.036869	0.031541
1141	-0.038636	0.032121
1142	-0.044872	0.033790
1143	-0.038779	0.031822
1144	-0.034984	0.033186
1145	-0.033404	0.028794
1146	-0.037524	0.032413
1147	-0.039256	0.030276
1148	-0.036271	0.032869
1149	-0.039590	0.031820
1150	-0.039548	0.032305
1151	-0.032023	0.027115
1152	-0.038743	0.031821
1153	-0.038320	0.031539
1154	-0.037965	0.031201
1155	-0.037549	0.030820
1156	-0.039251	0.031814
1157	-0.037699	0.032195
1158	-0.038979	0.030564
1159	-0.039937	0.032767
1160	-0.038541	0.030504
1161	-0.040745	0.032000
1162	-0.038089	0.030807
1163	-0.038755	0.031180
1164	-0.038437	0.031118
1165	-0.038482	0.030933
1166	-0.039112	0.030088
1167	-0.039080	0.029882
1168	-0.038118	0.030124
1169	-0.038318	0.030659
1170	-0.037550	0.029823
1171	-0.035028	0.032359
1172	-0.038370	0.030180
1173	-0.037460	0.029803
1174	-0.039849	0.031563
1175	-0.037578	0.030485
1176	-0.038534	0.029821
1177	-0.038514	0.030242
1178	-0.038475	0.030460
1179	-0.038752	0.030922
1180	-0.037690	0.030458
1181	-0.038302	0.030360
1182	-0.035901	0.035808
1183	-0.038459	0.030317
1184	-0.038114	0.029974
1185	-0.037027	0.027833
1186	-0.038647	0.030460
1187	-0.037926	0.029166
1188	-0.034808	0.027652
1189	-0.039617	0.029248
1190	-0.037771	0.028431
1191	-0.041057	0.029996
1192	-0.037809	0.030098
1193	-0.038415	0.029550
1194	-0.038729	0.029427
1195	-0.038305	0.029379
1196	-0.041415	0.027693
1197	-0.038602	0.029146
1198	-0.039131	0.026501
1199	-0.037926	0.029547
1200	-0.038727	0.028918
1201	-0.038617	0.028584
1202	-0.037103	0.028743
1203	-0.037436	0.029061
1204	-0.038591	0.028184
1205	-0.037871	0.029678
1206	-0.036508	0.006219
1207	-0.037302	0.028524
1208	-0.038222	0.028744
1209	-0.038627	0.028248
1210	-0.035516	0.031168
1211	-0.038914	0.027865
1212	-0.037130	0.027993
1213	-0.037203	0.028696
1214	-0.038448	0.028986
1215	-0.038992	0.029055
1216	-0.038979	0.029574
1217	-0.037943	0.029831
1218	-0.038330	0.027757
1219	-0.036955	0.027952
1220	-0.038923	0.027065
1221	-0.037883	0.028064
1222	-0.038634	0.029456
1223	-0.038351	0.027990
1224	-0.040742	0.024454
1225	-0.037804	0.029141
1226	-0.038098	0.028336
1227	-0.038181	0.028596
1228	-0.037543	0.027162
1229	-0.037853	0.027840
1230	-0.038483	0.026260
1231	-0.038501	0.028224
1232	-0.038970	0.027980
1233	-0.038795	0.028014
1234	-0.037891	0.027338
1235	-0.036887	0.028698
1236	-0.037885	0.027629
1237	-0.038469	0.028332
1238	-0.045661	0.024643
1239	-0.038383	0.027911
1240	-0.037992	0.028120
1241	-0.037735	0.034074
1242	-0.026750	0.025524
1243	-0.038235	0.027250
1244	-0.036284	0.028725
1245	-0.038823	0.026731
1246	-0.039743	0.027431
1247	-0.038205	0.024948
1248	-0.089106	0.027197
1249	-0.039093	0.027783
1250	-0.038052	0.026806
1251	-0.038031	0.027827
1252	-0.038773	0.027332
1253	-0.037407	0.026047
1254	-0.037880	0.027426
1255	-0.035337	0.027654
1256	-0.037843	0.044511
1257	-0.038699	0.026851
1258	-0.037380	0.026049
1259	-0.037711	0.026095
1260	-0.038091	0.026601
1261	-0.038630	0.027069
1262	-0.037438	0.026718
1263	-0.037685	0.026939
1264	-0.037287	0.026360
1265	-0.039448	0.026945
1266	-0.038344	0.026208
1267	-0.038390	0.025980
1268	-0.038400	0.024995
1269	-0.034981	0.024077
1270	-0.038150	0.025965
1271	-0.034807	0.025701
1272	-0.038870	0.026415
1273	-0.039209	0.026165
1274	-0.038780	0.025679
1275	-0.041701	0.027712
1276	-0.039769	0.027298
1277	-0.036993	0.025613
1278	-0.037712	0.025945
1279	-0.038213	0.025942
1280	-0.038788	0.027465
1281	-0.043798	0.023611
1282	-0.038319	0.025153
1283	-0.042750	0.026013
1284	-0.038880	0.024315
1285	-0.038589	0.025758
1286	-0.038261	0.025121
1287	-0.038816	0.025623
1288	-0.037780	0.025808
1289	-0.036971	0.024334
1290	-0.042034	0.021051
1291	-0.038878	0.023623
1292	-0.036969	0.025592
1293	-0.037785	0.025427
1294	-0.040668	0.025084
1295	-0.038066	0.024627
1296	-0.038405	0.025042
1297	-0.038895	0.025561
1298	-0.036777	0.025067
1299	-0.038333	0.025490
1300	-0.038407	0.024187
1301	-0.038670	0.025380
1302	-0.039384	0.024728
1303	-0.039637	0.023664
1304	-0.038509	0.024622
1305	-0.042779	0.023173
1306	-0.038128	0.024978
1307	-0.042442	0.024877
1308	-0.038736	0.024854
1309	-0.042589	0.021757
1310	-0.037894	0.024762
1311	-0.040710	0.023318
1312	-0.038824	0.024106
1313	-0.043496	0.024708
1314	-0.037935	0.022776
1315	-0.038672	0.025194
1316	-0.040168	0.021897
1317	-0.039315	0.024686
1318	-0.038074	0.031231
1319	-0.037738	0.024276
1320	-0.038085	0.024442
1321	-0.038739	0.024768
1322	-0.037836	0.025748
1323	-0.037195	0.020659
1324	-0.037799	0.023697
1325	-0.033432	0.021911
1326	-0.038470	0.023805
1327	-0.038868	0.024839
1328	-0.039466	0.024497
1329	-0.038799	0.023541
1330	-0.034140	0.021718
1331	-0.039050	0.023183
1332	-0.038230	0.023610
1333	-0.039557	0.022942
1334	-0.038587	0.020640
1335	-0.039698	0.024802
1336	-0.040480	0.020994
1337	-0.042160	0.025434
1338	-0.039586	0.024799
1339	-0.037456	0.022224
1340	-0.039102	0.024429
1341	-0.036853	0.020703
1342	-0.038073	0.023437
1343	-0.036995	0.020934
1344	-0.038298	0.022888
1345	-0.038466	0.022643
1346	-0.038717	0.020839
1347	-0.038343	0.021340
1348	-0.038201	0.023500
1349	-0.037883	0.023869
1350	-0.038285	0.023181
1351	-0.038813	0.022145
1352	-0.039257	0.021572
1353	-0.036727	0.023107
1354	-0.037476	0.017218
1355	-0.040742	0.022843
1356	-0.038384	0.022549
1357	-0.039518	0.022144
1358	-0.038341	0.022576
1359	-0.039881	0.022080
1360	-0.038303	0.023648
1361	-0.038889	0.021332
1362	-0.037530	0.022155
1363	-0.038701	0.023491
1364	-0.039319	0.023478
1365	-0.039132	0.022306
1366	-0.039091	0.021751
1367	-0.038515	0.021731
1368	-0.038255	0.021738
1369	-0.038329	0.025183
1370	-0.038437	0.021370
1371	-0.036170	0.020751
1372	-0.037463	0.022212
1373	-0.040249	0.020609
1374	-0.038240	0.017818
1375	-0.037567	0.021695
1376	-0.040130	0.020110
1377	-0.038283	0.023055
1378	-0.038169	0.021098
1379	-0.038368	0.021964
1380	-0.038711	0.021920
1381	-0.040014	0.024337
1382	-0.035714	0.020877
1383	-0.041116	0.022299
1384	-0.038661	0.021372
1385	-0.037552	0.020992
1386	-0.037346	0.021813
1387	-0.037885	0.022151
1388	-0.038963	0.018280
1389	-0.030431	-0.000050
1390	-0.038991	0.021347
1391	-0.037566	0.021253
1392	-0.040973	0.021884
1393	-0.035867	0.018311
1394	-0.038636	0.020860
1395	-0.038006	0.020845
1396	-0.036203	0.024421
1397	-0.037741	0.021275
1398	-0.039027	0.021303
1399	-0.028152	0.029102
1400	-0.041168	0.020373
1401	-0.039740	0.020251
1402	-0.036928	0.022600
1403	-0.040536	0.018532
1404	-0.036360	0.020728
1405	-0.038312	0.019677
1406	-0.038331	0.021682
1407	-0.043191	0.014547
1408	-0.036084	0.019653
1409	-0.037720	0.020230
1410	-0.039260	0.014640
1411	-0.036238	0.018893
1412	-0.041858	0.023403
1413	-0.037720	0.021168
1414	-0.038800	0.018675
1415	-0.034656	0.018497
1416	-0.038560	0.019055
1417	-0.037960	0.016164
1418	-0.032548	0.023544
1419	-0.043359	0.021594
1420	-0.037908	0.020806
1421	-0.040205	0.022155
1422	-0.041165	0.022225
1423	-0.037995	0.019829
1424	-0.038318	0.020143
1425	-0.037852	0.020186
1426	-0.039788	0.022407
1427	-0.038112	0.019928
1428	-0.035143	0.018401
1429	-0.046835	0.039850
1430	-0.038819	0.019801
1431	-0.038093	0.020147
1432	-0.038963	0.021812
1433	-0.036474	0.019108
1434	-0.038115	0.021435
1435	-0.038536	0.018261
1436	-0.043762	0.012575
1437	-0.037223	0.018001
1438	-0.039355	0.015243
1439	-0.039279	0.017931
1440	-0.037874	0.019107
1441	-0.038738	0.019541
1442	-0.037674	0.018680
1443	-0.023054	0.033058
1444	-0.039337	0.018898
1445	-0.037797	0.018125
1446	-0.035333	0.018174
1447	-0.035663	0.020456
1448	-0.036346	0.018143
1449	-0.039868	0.019810
1450	-0.031287	0.022499
1451	-0.037912	0.019033
1452	-0.039091	0.019810
1453	-0.024234	0.045555
1454	-0.038506	0.019238
1455	-0.041648	0.017215
1456	-0.039206	0.019828
1457	-0.036180	0.018206
1458	-0.040444	0.020790
1459	-0.036865	0.016909
1460	-0.041381	0.017717
1461	-0.039596	0.018786
1462	-0.038419	0.016570
1463	-0.039016	0.015775
1464	-0.038346	0.018334
1465	-0.038405	0.017371
1466	-0.039229	0.016488
1467	-0.042559	0.017519
1468	-0.037458	0.017711
1469	-0.038495	0.018143
1470	-0.038247	0.019265
1471	-0.033956	0.017399
1472	-0.037938	0.018616
1473	-0.041955	0.019592
1474	-0.039985	0.019594
1475	-0.040214	0.017866
1476	-0.037397	0.018683
1477	-0.038536	0.018632
1478	-0.035029	0.020968
1479	-0.041399	0.018399
1480	-0.040387	0.017503
1481	-0.036945	-0.019793
1482	-0.038414	0.018615
1483	-0.038193	0.016355
1484	-0.038548	0.018017
1485	-0.036360	0.019416
1486	-0.039283	0.019130
1487	-0.037573	0.017474
1488	-0.039188	0.015375
1489	-0.037937	0.016722
1490	-0.039852	0.019012
1491	-0.037447	0.013163
1492	-0.033506	0.015653
1493	-0.039429	0.015255
1494	-0.036269	0.017015
1495	-0.037937	0.015340
1496	-0.043309	0.012882
1497	-0.039891	0.017936
1498	-0.036849	0.015421
1499	-0.038024	0.015687
1500	-0.039733	0.017243
1501	-0.039031	0.017625
1502	-0.037478	0.000824
1503	-0.039149	0.017336
1504	-0.038340	0.020306
1505	-0.037171	0.016941
1506	-0.070211	0.009047
1507	-0.010524	-0.032278
1508	-0.037614	0.015673
1509	-0.035668	0.019458
1510	-0.037105	0.015670
1511	-0.037663	0.017808
1512	-0.037334	0.010655
1513	-0.038149	0.017758
1514	-0.039125	0.017465
1515	-0.040953	0.019011
1516	-0.038586	0.013079
1517	-0.037557	0.018197
1518	-0.038309	0.016941
1519	-0.035671	0.014264
1520	-0.042421	0.015916
1521	-0.039432	0.019572
1522	-0.038403	0.016856
1523	-0.041047	0.014632
1524	-0.037131	0.012586
1525	-0.039308	0.018308
1526	-0.038804	0.017631
1527	-0.041179	0.013227
1528	-0.041041	0.017119
1529	-0.039775	0.015225
1530	-0.036478	0.009374
1531	-0.038839	0.015952
1532	-0.036674	0.014064
1533	-0.037237	0.016132
1534	-0.037266	0.013934
1535	-0.037759	0.015242
1536	-0.038130	0.016595
1537	-0.040345	0.016623
1538	-0.037483	0.017661
1539	-0.038785	0.015399
1540	-0.037057	0.015784
1541	-0.076290	0.015601
1542	-0.038629	0.015799
1543	-0.037719	0.015331
1544	-0.039086	0.017455
1545	-0.037860	0.015272
1546	-0.039495	0.019860
1547	-0.038771	0.016049
1548	-0.036710	0.015352
1549	-0.038305	0.014599
1550	-0.040444	0.003491
1551	-0.044899	0.008580
1552	-0.037725	0.016054
1553	-0.038286	0.015282
1554	-0.038457	0.011886
1555	-0.037862	0.015546
1556	-0.038696	0.015845
1557	-0.039089	0.014928
1558	-0.039793	0.014460
1559	-0.035975	0.014717
1560	-0.038478	0.015356
1561	-0.034307	0.017993
1562	-0.038226	0.016097
1563	-0.045122	0.015436
1564	-0.036798	0.014824
1565	-0.041298	0.012909
1566	-0.040373	0.014974
1567	-0.040011	0.011401
1568	-0.037100	0.016045
1569	-0.038301	0.013222
1570	-0.041230	0.014641
1571	-0.037336	0.014289
1572	-0.034729	0.018247
1573	-0.033979	0.003184
1574	-0.035969	0.019007
1575	-0.038717	0.014335
1576	-0.042260	0.014128
1577	-0.034970	0.014791
1578	-0.037612	0.014445
1579	-0.037973	0.013112
1580	-0.037077	0.014426
1581	-0.038849	0.015218
1582	-0.038552	0.014391
1583	-0.038440	0.012324
1584	-0.038199	0.014441
1585	-0.039461	0.014658
1586	-0.036677	0.014099
1587	-0.039549	0.014745
1588	-0.038468	0.014971
1589	-0.038567	0.014780
1590	-0.038000	0.014954
1591	-0.038336	0.012843
1592	-0.038270	0.016389
1593	-0.037089	0.015306
1594	-0.036664	0.013249
1595	-0.036792	0.010637
1596	-0.039044	0.013676
1597	-0.039494	0.014176
1598	-0.039065	0.015451
1599	-0.037797	0.012088
1600	-0.040382	0.015930
1601	-0.037647	0.012433
1602	-0.036307	0.013807
1603	-0.039331	0.014518
1604	-0.038529	0.014305
1605	-0.039286	0.013188
1606	-0.039786	0.013350
1607	-0.038811	0.013547
1608	-0.037235	0.016671
1609	-0.041081	0.006987
1610	-0.038185	0.013843
1611	-0.038491	0.013354
1612	-0.045443	0.022461
1613	-0.038516	0.011890
1614	-0.040555	0.016494
1615	-0.035767	0.012194
1616	-0.002646	0.057196
1617	-0.039055	0.012675
1618	-0.039964	0.016008
1619	-0.037186	0.013231
1620	-0.047992	0.009558
1621	-0.038716	0.013043
1622	-0.038979	0.013464
1623	-0.041369	0.013161
1624	-0.038695	0.012132
1625	-0.032437	0.012204
1626	-0.037894	0.013008
1627	-0.037496	0.011522
1628	-0.040511	0.012957
1629	-0.037158	0.011699
1630	-0.039156	0.011961
1631	-0.035763	0.014568
1632	-0.038347	0.012244
1633	-0.036995	0.012538
1634	-0.039957	0.013788
1635	-0.038826	0.011134
1636	-0.039536	0.011399
1637	-0.040294	0.013395
1638	-0.037677	0.013083
1639	-0.035723	0.011785
1640	-0.038209	0.013821
1641	-0.036455	0.013600
1642	-0.039123	0.011162
1643	-0.037924	0.013956
1644	-0.034578	-0.053537
1645	-0.039373	0.012576
1646	-0.036013	0.010280
1647	-0.048855	0.010525
1648	-0.037334	0.009156
1649	-0.038550	0.011973
1650	-0.037901	0.011398
1651	-0.039936	0.009124
1652	-0.038705	0.011216
1653	-0.039300	0.012878
1654	-0.041141	0.010759
1655	-0.038215	0.010934
1656	-0.038965	0.009881
1657	-0.040130	0.013093
1658	-0.036936	0.005558
1659	-0.039015	0.011943
1660	-0.038031	0.011509
1661	-0.037282	0.012696
1662	-0.039201	0.010869
1663	-0.038858	0.011863
1664	-0.041627	0.012268
1665	-0.038658	0.010736
1666	-0.037022	0.011878
1667	-0.039106	0.012100
1668	-0.036270	0.012112
1669	-0.038904	0.010891
1670	-0.038569	0.011099
1671	-0.043401	0.006211
1672	-0.035682	0.011288
1673	-0.039992	0.011518
1674	-0.039502	0.011394
1675	-0.040366	0.014582
1676	-0.037114	0.010923
1677	-0.033557	0.013964
1678	-0.036325	0.011192
1679	-0.036528	0.009823
1680	-0.039121	0.011508
1681	-0.035727	0.012212
1682	-0.030244	0.010140
1683	-0.002787	0.018129
1684	-0.039715	0.007718
1685	-0.040217	0.005001
1686	-0.038466	0.010469
1687	-0.037004	0.008057
1688	-0.038394	0.010843
1689	-0.050083	0.019040
1690	-0.039342	0.012098
1691	-0.039181	0.015480
1692	-0.039667	-0.015285
1693	-0.036575	0.010101
1694	-0.027028	0.007171
1695	-0.038172	0.010690
1696	-0.038056	0.011942
1697	-0.038439	0.013218
1698	-0.032971	0.005230
1699	-0.037004	0.009370
1700	-0.038994	0.009452
1701	-0.038022	0.009822
1702	-0.037083	0.011086
1703	-0.039004	0.010941
1704	-0.037634	0.010558
1705	-0.035901	0.011288
1706	-0.036944	0.015164
1707	-0.038184	0.010603
1708	-0.039520	0.010820
1709	-0.038612	0.009799
1710	-0.040223	0.009720
1711	-0.038227	0.009026
1712	-0.050529	0.004892
1713	-0.038636	0.010166
1714	-0.038044	0.011438
1715	-0.038070	0.011541
1716	-0.034007	0.011010
1717	-0.037543	0.009844
1718	-0.038155	0.008876
1719	-0.047104	0.006689
1720	-0.038596	0.009540
1721	-0.038615	0.011011
1722	-0.039130	0.010428
1723	-0.039988	0.008700
1724	-0.038596	0.010239
1725	-0.039531	0.009992
1726	-0.037100	0.013123
1727	-0.037239	0.013085
1728	-0.037611	0.009217
1729	-0.038742	0.010494
1730	-0.040961	0.012683
1731	-0.037042	0.009786
1732	-0.038008	0.008464
1733	-0.033426	0.006531
1734	-0.042993	0.010853
1735	-0.037281	0.010250
1736	-0.038098	0.010280
1737	-0.039480	0.009930
1738	-0.037163	0.008470
1739	-0.038545	0.009292
1740	-0.040591	0.009946
1741	-0.038421	0.009577
1742	-0.039154	0.008527
1743	-0.036851	0.010264
1744	-0.040944	0.004186
1745	-0.038743	0.009129
1746	-0.042985	0.016422
1747	-0.037701	0.009532
1748	-0.039825	0.009820
1749	-0.040756	0.009081
1750	-0.039696	0.010050
1751	-0.037415	0.008713
1752	-0.038256	0.009264
1753	-0.037934	0.007637
1754	-0.040927	0.006818
1755	-0.037200	0.007136
1756	-0.036652	0.008203
1757	-0.034331	0.001493
1758	-0.037347	0.010260
1759	-0.038199	0.008949
1760	-0.037066	0.008865
1761	-0.039483	0.007756
1762	-0.038468	0.010661
1763	-0.034950	0.006371
1764	-0.039045	0.007903
1765	-0.034059	0.008911
1766	-0.037128	0.008599
1767	-0.036395	0.007568
1768	-0.039740	0.007993
1769	-0.037825	0.005728
1770	-0.039991	0.006965
1771	-0.034792	0.010447
1772	-0.039058	0.006637
1773	-0.038014	0.008610
1774	-0.038657	0.008826
1775	-0.038564	0.008046
1776	-0.036252	0.006454
1777	-0.037173	0.006498
1778	-0.039468	0.008506
1779	0.021297	0.052739
1780	-0.042301	0.007565
1781	-0.037821	0.009252
1782	-0.039022	0.008744
1783	-0.038496	0.008144
1784	-0.040158	0.007589
1785	-0.036691	0.009305
1786	-0.043776	0.004661
1787	-0.039527	0.003047
1788	-0.034946	0.008919
1789	-0.037380	0.007612
1790	-0.041925	0.004118
1791	-0.037920	0.008412
1792	-0.038772	0.007034
1793	-0.041329	0.008571
1794	-0.038904	0.009006
1795	-0.039391	0.009574
1796	-0.021882	0.004157
1797	-0.036851	0.008115
1798	-0.039166	0.007167
1799	-0.035875	0.002646
1800	-0.039805	0.008804
1801	-0.036496	0.005040
1802	-0.039463	0.008323
1803	-0.039377	0.008287
1804	-0.035828	0.006967
1805	-0.036241	0.011467
1806	-0.038788	0.006299
1807	-0.032332	-0.081536
1808	-0.038423	0.007257
1809	-0.045383	0.092552
1810	-0.035684	0.004508
1811	-0.052306	0.005694
1812	-0.041652	0.007778
1813	-0.035918	0.008405
1814	-0.038871	0.004441
1815	-0.037501	0.006781
1816	-0.037003	0.010834
1817	-0.040222	0.006077
1818	-0.039011	0.005651
1819	-0.040999	0.008170
1820	-0.037511	0.005706
1821	-0.037988	0.005319
1822	-0.039566	0.007969
1823	-0.035587	0.008044
1824	-0.039522	0.004847
1825	-0.036144	0.007113
1826	-0.039247	0.008467
1827	-0.037635	0.007072
1828	-0.038644	0.005685
1829	-0.038488	0.005786
1830	-0.036959	-0.023306
1831	-0.042815	0.004038
1832	-0.037848	0.006197
1833	-0.033905	-0.001407
1834	-0.038533	0.005407
1835	-0.038408	0.006590
1836	-0.038622	0.007280
1837	-0.037066	0.002776
1838	-0.039008	0.009511
1839	-0.038943	0.005693
1840	-0.037592	0.008978
1841	-0.036853	0.004162
1842	-0.038322	0.007166
1843	-0.038967	0.006191
1844	-0.036825	0.006021
1845	-0.040108	0.005427
1846	-0.041509	0.003232
1847	-0.037451	0.006790
1848	-0.037579	0.005831
1849	-0.039194	0.005728
1850	-0.038718	0.005469
1851	-0.035197	0.004356
1852	-0.039177	0.006762
1853	-0.037346	0.004488
1854	-0.038980	0.007358
1855	-0.039603	0.005253
1856	-0.038402	0.006628
1857	-0.037064	0.005263
1858	-0.032654	0.006972
1859	-0.071940	-0.005237
1860	-0.037460	0.004973
1861	-0.037645	0.006599
1862	-0.036027	0.002217
1863	-0.038296	0.005070
1864	-0.038000	0.007892
1865	-0.031505	0.001308
1866	-0.037426	0.006199
1867	-0.039505	0.007425
1868	-0.039170	0.006133
1869	-0.040838	0.004070
1870	-0.031089	0.011670
1871	-0.038888	0.006437
1872	-0.044889	-0.090927
1873	-0.037918	0.009082
1874	-0.039624	0.006695
1875	-0.038397	0.004142
1876	-0.039065	0.006532
1877	-0.038064	0.005660
1878	-0.035851	0.005377
1879	-0.046474	0.004279
1880	-0.037469	0.004071
1881	-0.038046	0.004978
1882	-0.039872	0.002775
1883	-0.039581	0.005948
1884	-0.040516	0.006335
1885	-0.038415	0.004350
1886	-0.038394	0.016651
1887	-0.037937	0.005168
1888	-0.039451	0.004173
1889	-0.040159	0.006560
1890	-0.039269	0.005358
1891	-0.037014	0.004805
1892	-0.039145	0.004880
1893	-0.043293	0.004655
1894	-0.038590	-0.000471
1895	-0.038052	0.003726
1896	-0.036041	0.000620
1897	-0.038010	0.004905
1898	-0.037891	0.005014
1899	-0.039651	0.004329
1900	-0.038581	0.006274
1901	-0.038939	0.004378
1902	-0.038698	-0.012193
1903	-0.051572	-0.006145
1904	-0.039752	0.004885
1905	-0.040915	-0.000653
1906	-0.038454	0.003761
1907	-0.037257	0.003044
1908	-0.029532	0.014872
1909	-0.040683	0.003980
1910	-0.037859	0.002917
1911	-0.038022	0.003156
1912	-0.039959	0.003539
1913	-0.037406	0.003945
1914	-0.025663	-0.006943
1915	-0.038691	0.003658
1916	-0.027311	-0.004721
1917	-0.039262	0.003211
1918	-0.038202	0.004243
1919	-0.037959	0.003655
1920	-0.039624	0.002555
1921	-0.037463	0.004581
1922	-0.036425	0.004418
1923	-0.035325	0.003682
1924	-0.038546	0.003879
1925	-0.039303	0.004558
1926	-0.039615	0.003861
1927	-0.037056	0.003269
1928	-0.028329	0.001115
1929	-0.038518	0.004800
1930	-0.025965	-0.002111
1931	-0.036894	0.005085
1932	-0.037888	0.003646
1933	-0.037761	0.003413
1934	-0.039268	0.003898
1935	-0.035139	0.002834
1936	-0.037703	0.003048
1937	-0.039038	0.002653
1938	-0.037764	-0.000320
1939	-0.037859	0.002893
1940	-0.039862	0.002626
1941	-0.038507	0.003826
1942	0.038402	0.044290
1943	-0.039038	0.002637
1944	-0.026332	0.014442
1945	-0.038170	0.001758
1946	-0.035761	-0.004890
1947	-0.037090	0.004392
1948	-0.036644	0.002407
1949	-0.035807	-0.002068
1950	-0.041808	0.003217
1951	-0.035428	0.004155
1952	-0.037789	0.003356
1953	-0.041744	-0.000936
1954	-0.039808	0.000780
1955	-0.041354	0.028428
1956	-0.041717	0.002810
1957	-0.037869	0.014247
1958	-0.037353	0.001599
1959	-0.035000	0.009620
1960	-0.039228	0.003515
1961	-0.037012	0.001120
1962	-0.037305	-0.000141
1963	-0.042945	0.004210
1964	-0.038844	0.004105
1965	-0.047613	0.005700
1966	-0.038518	0.000682
1967	-0.036954	0.002493
1968	-0.038144	0.001374
1969	-0.039019	0.003603
1970	-0.031705	-0.115048
1971	-0.037780	0.002780
1972	-0.042577	-0.000403
1973	-0.036561	0.001976
1974	-0.038281	-0.005419
1975	-0.037385	0.001876
1976	-0.037399	0.003245
1977	-0.033999	0.003913
1978	-0.037435	0.000692
1979	-0.037320	0.002341
1980	-0.037677	0.001725
1981	-0.035647	-0.001611
1982	-0.038065	0.003148
1983	-0.037366	0.001768
1984	-0.037738	0.001006
1985	-0.036567	0.002448
1986	-0.037866	-0.001435
1987	-0.038334	0.001606
1988	-0.036855	-0.001016
1989	-0.039503	0.001705
1990	-0.039225	-0.007733
1991	-0.040063	0.001823
1992	-0.037618	-0.000361
1993	-0.039177	0.001370
1994	-0.038123	-0.001679
1995	-0.040333	-0.002236
1996	-0.037833	0.004430
1997	-0.040419	0.003082
1998	-0.038839	0.001246
1999	-0.037544	0.001154
2000	-0.038961	0.001110
2001	-0.038772	0.002747
2002	-0.038598	0.008879
2003	-0.039031	-0.000223
2004	-0.039177	0.002743
2005	-0.038220	0.000674
2006	-0.038925	0.000682
2007	-0.037524	0.001204
2008	-0.027278	0.013814
2009	-0.037824	0.003234
2010	-0.033797	0.000747
2011	-0.038694	0.003221
2012	-0.036914	-0.000683
2013	-0.038369	0.000917
2014	-0.040113	-0.002327
2015	-0.037776	0.000543
2016	-0.039096	-0.000085
2017	-0.040756	0.000660
2018	-0.037939	-0.001987
2019	-0.038094	-0.000404
2020	-0.038238	-0.000261
2021	-0.039088	-0.001091
2022	-0.038199	0.000932
2023	-0.037853	0.000911
2024	-0.039678	-0.000844
2025	-0.039087	0.002277
2026	-0.038690	0.001044
2027	-0.038254	0.000464
2028	-0.039143	0.000499
2029	-0.038875	0.000329
2030	-0.039343	-0.001679
2031	-0.038064	0.000745
2032	-0.038387	-0.000026
2033	-0.037836	0.000503
2034	-0.038357	0.000517
2035	-0.039627	0.000042
2036	-0.038759	0.001239
2037	-0.038436	0.002263
2038	-0.039843	-0.000698
2039	-0.037742	-0.003869
2040	-0.038738	0.000638
2041	-0.038535	0.001483
2042	-0.037696	0.002244
2043	-0.038644	-0.000416
2044	-0.036438	0.000414
2045	-0.038837	0.000636
2046	-0.038304	0.001917
2047	-0.042586	-0.000211
2048	-0.038382	-0.000729
2049	-0.037176	-0.001652
2050	-0.037980	-0.001021
2051	-0.039794	-0.001400
2052	-0.037952	0.000142
2053	-0.041752	0.002855
2054	-0.038427	0.000387
2055	-0.036296	0.003334
2056	-0.039150	-0.001352
2057	-0.029763	0.002814
2058	-0.038601	-0.003314
2059	-0.038269	-0.001277
2060	-0.038860	-0.000700
2061	-0.038968	-0.000210
2062	-0.038100	-0.001138
2063	-0.040296	-0.000933
2064	-0.037411	0.000558
2065	-0.039504	-0.000883
2066	-0.040329	0.008124
2067	-0.047165	0.000307
2068	-0.037557	-0.000841
2069	-0.037797	-0.000906
2070	-0.037945	0.000875
2071	-0.041183	-0.001105
2072	-0.043924	-0.002999
2073	-0.043916	0.001420
2074	-0.038890	-0.001129
2075	-0.044074	-0.005640
2076	-0.037071	-0.001798
2077	-0.037881	-0.000854
2078	-0.038453	-0.002044
2079	-0.039325	-0.000475
2080	-0.038130	-0.001958
2081	-0.033305	0.000825
2082	-0.039865	-0.001289
2083	-0.038283	-0.000775
2084	-0.036854	0.000673
2085	-0.039477	-0.002259
2086	-0.038835	-0.004469
2087	-0.045738	0.010437
2088	-0.038003	-0.000477
2089	-0.041222	-0.001858
2090	-0.038427	-0.002581
2091	-0.040371	0.000347
2092	-0.037524	-0.000544
2093	-0.037354	-0.000953
2094	-0.033606	-0.000571
2095	-0.037879	-0.001990
2096	-0.040153	-0.000763
2097	-0.038249	-0.001511
2098	-0.038420	-0.003609
2099	-0.039000	-0.001819
2100	-0.037360	-0.003071
2101	-0.036173	-0.002273
2102	-0.038709	-0.001221
2103	-0.036354	-0.002489
2104	-0.038726	-0.001970
2105	0.049700	0.028438
2106	-0.037539	-0.007415
2107	-0.039602	-0.001480
2108	-0.036093	-0.005798
2109	-0.039914	-0.000812
2110	-0.036949	0.001373
2111	-0.036488	-0.002031
2112	-0.037066	0.000149
2113	-0.037521	-0.001816
2114	-0.038045	-0.001320
2115	-0.039726	0.003281
2116	-0.039336	-0.001947
2117	-0.030449	0.002137
2118	-0.038256	-0.005405
2119	-0.040113	-0.002682
2120	-0.038511	0.009770
2121	-0.036752	-0.001005
2122	-0.039267	-0.003423
2123	-0.039310	-0.002043
2124	-0.038995	-0.003406
2125	-0.036806	-0.001890
2126	-0.040210	-0.005150
2127	-0.036328	-0.001962
2128	-0.038760	-0.001952
2129	-0.038332	-0.003850
2130	-0.038225	-0.002455
2131	-0.039748	-0.006938
2132	-0.040109	-0.002011
2133	-0.031907	-0.126971
2134	-0.038517	-0.006498
2135	-0.039031	-0.004389
2136	-0.040245	-0.003147
2137	-0.038101	-0.001537
2138	-0.035013	-0.001055
2139	-0.041103	-0.000317
2140	-0.040579	-0.000268
2141	-0.038797	-0.002349
2142	-0.038522	-0.003354
2143	-0.038557	-0.004883
2144	-0.050524	-0.008011
2145	-0.039599	-0.005022
2146	-0.038588	-0.001572
2147	-0.036801	-0.002267
2148	-0.037479	-0.003135
2149	-0.038907	-0.002325
2150	-0.038474	-0.003704
2151	-0.036955	-0.003702
2152	-0.038230	-0.005948
2153	-0.038601	-0.003342
2154	-0.008362	0.011245
2155	-0.033756	-0.001665
2156	-0.040062	-0.002585
2157	-0.040038	-0.001810
2158	-0.039049	-0.008601
2159	-0.040226	-0.002572
2160	-0.037403	-0.003922
2161	-0.040311	-0.000348
2162	-0.037672	-0.002379
2163	-0.036618	-0.003016
2164	-0.040432	-0.002953
2165	-0.043452	-0.000030
2166	-0.039566	-0.003433
2167	-0.037317	-0.005024
2168	-0.040182	-0.002582
2169	-0.042422	-0.000659
2170	-0.038475	-0.005727
2171	-0.037822	-0.002949
2172	-0.037061	0.003112
2173	-0.037966	-0.003137
2174	-0.039322	0.002989
2175	-0.060783	-0.012070
2176	-0.036684	-0.003912
2177	-0.035327	-0.004858
2178	-0.036540	-0.003388
2179	-0.041594	-0.006528
2180	-0.036150	-0.005131
2181	-0.038962	-0.003537
2182	-0.033584	-0.009096
2183	-0.038827	-0.003034
2184	-0.042419	-0.007958
2185	-0.032550	-0.011640
2186	-0.042019	-0.034047
2187	-0.038853	-0.004225
2188	-0.038421	-0.003048
2189	-0.035518	-0.006033
2190	-0.038652	-0.005668
2191	-0.040752	-0.003863
2192	-0.038738	-0.004322
2193	-0.036555	-0.003800
2194	-0.039774	-0.003662
2195	-0.038577	-0.004629
2196	-0.038423	-0.002440
2197	-0.043342	-0.002694
2198	-0.036777	-0.004156
2199	-0.040552	-0.004614
2200	-0.037995	-0.003316
2201	-0.036005	-0.003365
2202	-0.037474	-0.004098
2203	-0.035495	-0.006197
2204	-0.038985	-0.004814
2205	-0.039212	-0.004197
2206	-0.038696	-0.003488
2207	-0.037746	-0.003263
2208	-0.038113	-0.002112
2209	-0.031100	0.004208
2210	-0.036281	-0.004877
2211	-0.037757	-0.004725
2212	-0.039213	-0.005419
2213	-0.031728	-0.007822
2214	-0.038501	-0.005772
2215	-0.037900	-0.005329
2216	-0.037640	-0.004640
2217	-0.036074	-0.004641
2218	-0.037273	0.001715
2219	-0.041452	-0.003809
2220	-0.038451	-0.006264
2221	-0.038220	-0.003300
2222	-0.039652	-0.003682
2223	-0.048936	-0.006582
2224	-0.035086	-0.003418
2225	-0.038803	-0.005867
2226	-0.043526	-0.004054
2227	-0.038187	-0.005228
2228	-0.050105	0.022057
2229	-0.036730	-0.007387
2230	-0.038694	-0.004225
2231	-0.021616	-0.016696
2232	-0.038733	-0.004769
2233	-0.036793	-0.007554
2234	-0.039636	-0.004177
2235	-0.041888	-0.006544
2236	-0.039185	-0.006521
2237	-0.038758	-0.004595
2238	-0.019020	0.005567
2239	-0.038170	-0.005632
2240	-0.038989	-0.006399
2241	-0.031482	0.001205
2242	-0.040346	-0.005124
2243	-0.037533	-0.006519
2244	-0.039449	-0.006605
2245	-0.048259	-0.009418
2246	-0.038613	-0.006122
2247	-0.036297	-0.004721
2248	-0.036136	-0.004836
2249	-0.046798	-0.005622
2250	-0.036979	-0.005195
2251	-0.036893	-0.006641
2252	-0.037183	-0.006870
2253	-0.038591	-0.006359
2254	-0.036215	-0.006727
2255	-0.038416	-0.048247
2256	-0.037881	-0.009818
2257	-0.035961	-0.033392
2258	-0.034511	-0.014103
2259	-0.042941	-0.003397
2260	-0.038116	-0.006233
2261	-0.039480	-0.000833
2262	-0.034717	0.001889
2263	-0.040111	-0.005720
2264	-0.051793	0.001438
2265	-0.042554	-0.007191
2266	-0.039955	-0.008387
2267	-0.036466	-0.005413
2268	0.059996	0.010324
2269	-0.037731	-0.009147
2270	-0.033187	-0.008153
2271	-0.039163	-0.005552
2272	-0.039899	-0.006282
2273	-0.038670	-0.008394
2274	-0.038216	-0.005383
2275	-0.042130	-0.004788
2276	-0.038461	-0.007950
2277	-0.040678	-0.006162
2278	-0.036318	-0.007696
2279	-0.036564	-0.006691
2280	-0.036643	-0.006587
2281	-0.037881	-0.006260
2282	-0.038440	-0.005926
2283	-0.039102	-0.008369
2284	-0.037452	-0.007886
2285	-0.042413	-0.007541
2286	-0.038786	-0.006657
2287	-0.038295	-0.006892
2288	-0.037488	-0.008014
2289	-0.040877	-0.008869
2290	-0.038578	-0.007917
2291	-0.036648	-0.007518
2292	-0.037033	-0.005259
2293	-0.037299	-0.007598
2294	-0.038571	-0.007781
2295	-0.038312	-0.007086
2296	-0.132862	-0.034149
2297	-0.039414	-0.005785
2298	-0.035227	-0.007979
2299	-0.036622	-0.008310
2300	-0.039053	-0.007195
2301	-0.047132	-0.009268
2302	-0.037600	-0.006754
2303	-0.037597	-0.005503
2304	-0.042149	-0.012874
2305	-0.038845	-0.007527
2306	-0.039510	-0.008663
2307	-0.038196	-0.008511
2308	-0.039575	-0.008061
2309	-0.038010	-0.008253
2310	-0.036778	-0.000661
2311	-0.020065	-0.010159
2312	-0.040112	-0.008999
2313	-0.037329	-0.008255
2314	-0.039127	-0.009044
2315	-0.033512	-0.009558
2316	-0.037957	-0.007444
2317	-0.030346	-0.012691
2318	-0.041247	-0.009732
2319	-0.035981	-0.008084
2320	-0.040125	-0.006634
2321	-0.036717	-0.009167
2322	-0.035373	-0.010598
2323	-0.038452	-0.009332
2324	-0.039629	-0.009205
2325	-0.037313	-0.008296
2326	-0.037729	-0.008482
2327	-0.038795	-0.007806
2328	-0.035579	-0.012601
2329	-0.039301	-0.007851
2330	-0.040275	-0.008983
2331	-0.039152	-0.009767
2332	-0.040229	-0.004661
2333	-0.039161	-0.007658
2334	-0.038976	-0.009555
2335	-0.037534	-0.007585
2336	-0.036765	-0.007963
2337	-0.034769	-0.006704
2338	-0.039116	-0.008766
2339	-0.035424	-0.008338
2340	-0.038418	-0.006641
2341	-0.038500	-0.007922
2342	-0.035110	-0.004750
2343	-0.038475	-0.009972
2344	-0.038887	-0.009284
2345	-0.037504	-0.009195
2346	-0.039749	-0.008851
2347	-0.037277	-0.009405
2348	-0.035598	-0.010592
2349	-0.030401	-0.003164
2350	-0.038539	-0.008703
2351	-0.037821	-0.009251
2352	-0.038995	-0.009966
2353	-0.038721	-0.011555
2354	-0.039934	-0.008353
2355	-0.033131	-0.006513
2356	-0.036575	-0.007433
2357	-0.038774	-0.008456
2358	-0.042573	-0.012374
2359	-0.036880	-0.009506
2360	-0.034658	-0.010669
2361	-0.039018	-0.009994
2362	-0.036037	-0.008472
2363	-0.037507	-0.013220
2364	-0.037521	-0.009298
2365	-0.038711	-0.009531
2366	-0.038867	-0.009120
2367	-0.038842	-0.009160
2368	-0.037402	-0.008886
2369	-0.060700	-0.017030
2370	-0.036691	-0.007300
2371	-0.034414	-0.018891
2372	-0.035232	-0.013601
2373	-0.038648	-0.009711
2374	-0.040174	-0.010343
2375	-0.042393	-0.008563
2376	-0.041603	-0.010247
2377	-0.032985	-0.008055
2378	-0.037030	-0.010720
2379	-0.037367	-0.010085
2380	-0.036263	-0.009213
2381	-0.037696	-0.009387
2382	-0.037771	-0.011118
2383	-0.040703	-0.009667
2384	-0.038770	-0.009837
2385	-0.037201	-0.009876
2386	-0.038105	-0.009663
2387	-0.038568	-0.010030
2388	-0.037298	-0.009301
2389	-0.037310	-0.011190
2390	-0.045026	-0.011669
2391	-0.038557	-0.009801
2392	-0.038635	-0.008805
2393	-0.038783	-0.011705
2394	-0.038398	-0.010493
2395	-0.039132	-0.005803
2396	-0.037655	-0.010814
2397	-0.038144	-0.015039
2398	-0.034705	-0.011150
2399	-0.038142	-0.011401
2400	-0.038612	-0.010972
2401	-0.037312	-0.009760
2402	-0.037807	-0.009942
2403	-0.038241	-0.009711
2404	-0.039624	-0.010519
2405	-0.036905	-0.010745
2406	-0.038705	-0.009843
2407	-0.037726	-0.010522
2408	-0.039138	-0.010139
2409	-0.038336	-0.010434
2410	-0.038296	-0.014904
2411	-0.037143	-0.009573
2412	-0.039403	-0.008834
2413	-0.035579	-0.009857
2414	-0.040180	-0.012292
2415	-0.038227	-0.011750
2416	-0.038959	-0.009226
2417	-0.037212	-0.011331
2418	-0.037297	-0.018595
2419	-0.035156	-0.010563
2420	-0.037861	-0.011572
2421	-0.037506	-0.012132
2422	-0.037698	-0.012345
2423	-0.033914	-0.011236
2424	-0.039310	-0.010540
2425	-0.040954	-0.010231
2426	-0.038501	-0.010824
2427	-0.039664	-0.011106
2428	-0.037378	-0.009819
2429	-0.037697	-0.014660
2430	-0.038794	-0.011415
2431	0.063516	-0.006131
2432	-0.038338	-0.012158
2433	-0.038280	-0.013018
2434	-0.039733	-0.012841
2435	-0.039487	-0.011038
2436	-0.037294	-0.012117
2437	-0.037236	-0.012511
2438	-0.040989	-0.010219
2439	-0.038584	-0.012535
2440	-0.039784	-0.011627
2441	-0.038633	-0.010351
2442	-0.037177	-0.015416
2443	-0.038370	-0.012185
2444	-0.038237	-0.011478
2445	-0.037229	-0.011701
2446	-0.038457	-0.008345
2447	-0.036973	-0.011612
2448	-0.039049	-0.010896
2449	-0.038479	-0.012805
2450	-0.033294	-0.031329
2451	-0.038456	-0.012204
2452	-0.040090	-0.012813
2453	-0.039002	-0.013491
2454	-0.038385	-0.012801
2455	-0.029014	-0.025147
2456	-0.037620	-0.010613
2457	-0.039833	-0.012342
2458	-0.038087	-0.014206
2459	-0.136960	-0.027283
2460	-0.037802	-0.010914
2461	-0.034640	-0.013395
2462	-0.035874	-0.011406
2463	-0.032104	-0.010897
2464	-0.038828	-0.011958
2465	-0.037291	-0.011109
2466	-0.036319	-0.011014
2467	-0.037230	-0.014448
2468	-0.038266	-0.014131
2469	-0.030527	-0.008064
2470	-0.039306	-0.013928
2471	-0.041080	-0.013774
2472	-0.035160	-0.012173
2473	-0.036332	-0.011391
2474	-0.037075	-0.018596
2475	-0.039102	-0.012332
2476	-0.036016	-0.012565
2477	-0.036472	-0.013408
2478	-0.038628	-0.014123
2479	-0.039347	-0.013010
2480	-0.035957	-0.013563
2481	-0.038967	-0.013966
2482	-0.037950	-0.013444
2483	-0.040035	-0.014205
2484	-0.038451	-0.012711
2485	-0.038838	-0.014291
2486	-0.038055	-0.013445
2487	-0.037549	-0.010515
2488	-0.037763	-0.013313
2489	-0.037968	-0.013306
2490	-0.037633	-0.012360
2491	-0.038971	-0.014141
2492	-0.041073	-0.015200
2493	-0.037377	-0.015781
2494	-0.041112	-0.012860
2495	-0.039540	-0.013039
2496	-0.039257	-0.012707
2497	-0.038390	-0.014340
2498	-0.037610	-0.011734
2499	-0.038968	-0.013831
2500	-0.038710	-0.013376
2501	-0.039049	-0.014309
2502	-0.036842	-0.012629
2503	-0.037997	-0.013976
2504	-0.040367	-0.013492
2505	-0.039874	-0.012773
2506	-0.038838	-0.013764
2507	-0.035279	-0.012123
2508	-0.038219	-0.012763
2509	-0.037550	-0.014741
2510	-0.032846	-0.007028
2511	-0.038457	-0.014318
2512	-0.037853	-0.014431
2513	-0.038336	-0.011532
2514	-0.042364	-0.012659
2515	-0.038595	-0.014402
2516	-0.041676	-0.016621
2517	-0.039656	-0.013620
2518	-0.040162	-0.014962
2519	-0.038872	-0.014421
2520	-0.020838	-0.021058
2521	-0.040348	-0.015540
2522	-0.038609	-0.014481
2523	-0.038077	-0.013953
2524	-0.039396	-0.010019
2525	-0.040860	-0.014353
2526	-0.038761	-0.014713
2527	-0.038397	-0.013756
2528	-0.038332	-0.013173
2529	-0.036520	-0.012863
2530	-0.038601	-0.013861
2531	-0.051114	-0.004519
2532	-0.037989	-0.014656
2533	-0.035245	-0.016497
2534	-0.040673	-0.019572
2535	-0.038745	-0.016066
2536	-0.041653	-0.012415
2537	-0.038302	-0.013706
2538	-0.036092	-0.014753
2539	-0.038377	-0.015600
2540	-0.037334	-0.007395
2541	-0.053043	-0.011179
2542	-0.039060	-0.015720
2543	-0.027977	-0.020056
2544	-0.036417	-0.014210
2545	-0.038607	-0.015477
2546	-0.038483	-0.013797
2547	-0.047898	-0.017021
2548	-0.038789	-0.018506
2549	-0.039436	-0.015826
2550	-0.038668	-0.015701
2551	-0.042568	-0.012998
2552	-0.038390	-0.011900
2553	-0.037566	-0.015426
2554	-0.035683	-0.014094
2555	-0.037028	-0.011335
2556	-0.039373	-0.015993
2557	-0.040931	-0.014152
2558	-0.045000	-0.014974
2559	-0.033269	-0.015424
2560	-0.044458	-0.015043
2561	-0.038595	-0.012546
2562	-0.035222	-0.021594
2563	-0.036078	-0.016903
2564	-0.035916	-0.015358
2565	-0.043937	-0.016502
2566	-0.039007	-0.015049
2567	-0.036618	-0.016169
2568	-0.036617	-0.019673
2569	-0.029110	-0.014180
2570	-0.036725	-0.016408
2571	-0.036050	-0.016942
2572	-0.039044	-0.015701
2573	-0.036262	-0.017115
2574	-0.038403	-0.015916
2575	-0.039127	-0.017114
2576	-0.037516	-0.016929
2577	-0.038647	-0.016159
2578	-0.031963	-0.017139
2579	-0.038307	-0.015752
2580	-0.019605	-0.007834
2581	-0.037684	-0.016090
2582	-0.041046	-0.016153
2583	-0.035991	-0.016865
2584	-0.038482	-0.019314
2585	-0.038795	-0.016941
2586	-0.034206	-0.017587
2587	-0.038560	-0.019533
2588	-0.038938	-0.016502
2589	-0.037113	-0.016548
2590	-0.034813	-0.017824
2591	-0.038684	-0.016884
2592	-0.031833	-0.017321
2593	-0.036634	-0.016764
2594	0.062963	-0.022197
2595	-0.039449	-0.017833
2596	-0.037132	-0.017903
2597	-0.037865	-0.016541
2598	-0.039607	-0.016081
2599	-0.038612	-0.017214
2600	-0.063619	-0.016370
2601	-0.039098	-0.017021
2602	-0.039599	-0.018584
2603	-0.039632	-0.018430
2604	-0.023937	-0.018035
2605	-0.036501	-0.018057
2606	-0.037961	-0.017636
2607	-0.038521	-0.017123
2608	-0.038487	-0.017606
2609	-0.032921	-0.016754
2610	-0.038711	-0.014467
2611	-0.058815	-0.015804
2612	-0.039451	-0.017489
2613	-0.038721	-0.017203
2614	-0.038189	-0.018253
2615	-0.042481	-0.018296
2616	-0.039184	-0.015957
2617	-0.037215	-0.015354
2618	-0.037817	-0.017006
2619	-0.037929	-0.019772
2620	-0.037921	-0.018967
2621	-0.038169	-0.016103
2622	-0.028694	-0.176835
2623	-0.029737	-0.021210
2624	-0.037832	-0.015903
2625	-0.037176	-0.013108
2626	-0.038407	-0.016595
2627	-0.039004	-0.019426
2628	-0.038236	-0.020040
2629	-0.038492	-0.013236
2630	-0.038350	-0.018606
2631	-0.040523	-0.019077
2632	-0.029231	-0.021328
2633	-0.039045	-0.016758
2634	-0.039030	-0.017102
2635	-0.034319	-0.017991
2636	-0.040680	-0.019502
2637	-0.043159	-0.016298
2638	-0.040871	0.003755
2639	-0.028754	-0.014887
2640	-0.038420	-0.018242
2641	-0.038229	-0.021057
2642	-0.039960	-0.018287
2643	-0.039846	-0.019967
2644	-0.041777	-0.022431
2645	-0.041746	-0.020420
2646	-0.038123	-0.022485
2647	-0.036711	-0.018736
2648	-0.037789	-0.018248
2649	-0.039702	-0.020442
2650	-0.040837	-0.017734
2651	-0.048299	-0.014910
2652	-0.036684	-0.019600
2653	-0.031452	-0.009168
2654	-0.038232	-0.027901
2655	-0.036248	-0.019364
2656	-0.039905	-0.018794
2657	-0.047605	-0.024292
2658	-0.040953	-0.021994
2659	-0.042170	-0.018784
2660	-0.010821	-0.015067
2661	-0.040188	-0.018457
2662	-0.037855	-0.019588
2663	-0.035014	-0.020694
2664	-0.037831	-0.020403
2665	-0.037256	-0.022091
2666	-0.036755	-0.018601
2667	-0.044262	-0.020179
2668	-0.038614	-0.018085
2669	-0.036158	-0.019476
2670	-0.037847	-0.019318
2671	-0.026855	-0.021756
2672	-0.017446	-0.015817
2673	-0.038023	-0.020864
2674	-0.036470	-0.020840
2675	-0.073016	-0.015142
2676	-0.039566	-0.018986
2677	-0.039597	-0.019410
2678	-0.036578	-0.018600
2679	-0.038943	-0.023753
2680	-0.037524	-0.020865
2681	-0.037346	-0.024579
2682	-0.038016	-0.017498
2683	-0.033514	-0.019390
2684	-0.037734	-0.020302
2685	-0.035187	-0.018796
2686	-0.039535	-0.020888
2687	-0.037327	-0.018988
2688	-0.037961	-0.020139
2689	-0.039897	-0.022203
2690	-0.036596	-0.023729
2691	-0.039840	-0.020092
2692	-0.038588	-0.021076
2693	-0.039566	-0.021171
2694	-0.040504	-0.024070
2695	-0.048264	-0.029136
2696	-0.038478	-0.023458
2697	-0.037060	-0.021054
2698	-0.038234	-0.022811
2699	-0.037215	-0.019112
2700	-0.039959	-0.024285
2701	-0.030892	-0.017825
2702	-0.040787	-0.038825
2703	-0.039481	-0.018392
2704	-0.035663	-0.022267
2705	-0.038055	-0.020881
2706	-0.036677	-0.033225
2707	-0.039155	-0.019663
2708	-0.037710	-0.021782
2709	-0.041879	-0.018342
2710	-0.037744	-0.019637
2711	-0.039467	-0.022096
2712	-0.038428	-0.021424
2713	-0.037038	-0.022382
2714	-0.038415	-0.021337
2715	-0.039204	-0.019629
2716	-0.037891	-0.011257
2717	-0.039511	-0.021020
2718	-0.038241	-0.022095
2719	-0.039286	-0.021105
2720	-0.036494	-0.021268
2721	-0.036371	-0.021539
2722	-0.036762	-0.024072
2723	-0.037718	-0.023903
2724	-0.040530	-0.025932
2725	-0.039478	-0.018452
2726	-0.036839	-0.021705
2727	-0.035694	-0.021949
2728	-0.036772	-0.020172
2729	-0.038060	-0.020474
2730	-0.035551	-0.024177
2731	-0.040225	-0.020865
2732	-0.038191	-0.023175
2733	-0.036563	-0.022626
2734	-0.037736	-0.025140
2735	-0.038148	-0.026742
2736	-0.037309	-0.021587
2737	-0.038719	-0.024210
2738	-0.043273	-0.067962
2739	-0.041056	-0.024984
2740	-0.037132	-0.027370
2741	-0.034650	-0.015313
2742	-0.036835	-0.023156
2743	-0.042610	-0.026103
2744	-0.041788	-0.025929
2745	-0.033393	-0.025391
2746	-0.036218	-0.020356
2747	-0.040065	-0.020819
2748	-0.037693	-0.023752
2749	-0.036161	-0.022437
2750	-0.040785	-0.021682
2751	-0.041062	-0.025013
2752	-0.041247	-0.018784
2753	-0.039428	-0.022372
2754	-0.039117	-0.025260
2755	-0.035111	-0.032490
2756	-0.042394	-0.025232
2757	0.055654	-0.076490
2758	-0.039016	-0.025034
2759	-0.039883	-0.022592
2760	-0.039219	-0.025979
2761	-0.037469	-0.021600
2762	-0.042336	-0.023739
2763	-0.067944	-0.018104
2764	-0.033998	-0.028465
2765	-0.037407	-0.021498
2766	-0.037601	-0.020670
2767	-0.038921	-0.024183
2768	-0.037150	-0.023644
2769	-0.040879	-0.026100
2770	-0.039746	-0.026217
2771	-0.048595	-0.032740
2772	-0.037391	-0.027794
2773	-0.037796	-0.023248
2774	-0.031213	-0.038692
2775	-0.039361	-0.024219
2776	-0.036117	-0.024449
2777	-0.036752	-0.024282
2778	-0.035543	-0.026510
2779	-0.041046	-0.023592
2780	-0.039185	-0.023873
2781	-0.017171	-0.019241
2782	-0.035345	-0.023988
2783	-0.039114	-0.022202
2784	-0.037145	-0.022998
2785	-0.172173	0.022523
2786	-0.039529	-0.026558
2787	-0.046648	-0.024100
2788	-0.056965	-0.029606
2789	-0.034878	-0.025597
2790	-0.044914	-0.023392
2791	-0.033758	-0.026707
2792	-0.051346	-0.030006
2793	-0.036557	-0.025994
2794	-0.038839	-0.024966
2795	-0.041957	-0.026021
2796	-0.038737	-0.024993
2797	-0.035997	-0.026711
2798	-0.037315	-0.024639
2799	-0.066886	0.009557
2800	-0.037699	-0.025257
2801	-0.039410	-0.026758
2802	-0.039650	-0.019973
2803	-0.038363	-0.026937
2804	-0.042963	-0.023390
2805	-0.043196	-0.026885
2806	-0.036310	-0.024193
2807	-0.039955	-0.024536
2808	-0.037904	-0.022502
2809	-0.038957	-0.028187
2810	-0.037363	-0.030864
2811	-0.038750	-0.025131
2812	-0.033761	-0.017116
2813	0.048211	0.029131
2814	-0.034143	-0.027505
2815	-0.039863	-0.022353
2816	-0.038438	-0.023170
2817	-0.040740	-0.024251
2818	-0.038893	-0.024524
2819	-0.037836	-0.026297
2820	-0.040437	-0.022918
2821	-0.038096	-0.029780
2822	-0.034873	-0.024537
2823	-0.039352	-0.025421
2824	-0.041929	-0.024413
2825	-0.039239	-0.025245
2826	-0.034807	-0.025346
2827	-0.004645	-0.022028
2828	-0.035267	-0.023709
2829	-0.032374	-0.027425
2830	-0.021418	-0.011300
2831	-0.036717	-0.026085
2832	-0.038703	-0.023616
2833	-0.033628	-0.031579
2834	-0.038136	-0.027054
2835	-0.037182	-0.025011
2836	-0.040847	-0.030593
2837	-0.027810	-0.023549
2838	-0.034122	-0.019993
2839	-0.039240	-0.026562
2840	-0.039705	-0.028170
2841	-0.028568	-0.037045
2842	-0.033761	-0.027260
2843	-0.033769	-0.028659
2844	-0.034625	-0.022884
2845	-0.042733	-0.028289
2846	-0.040439	-0.027998
2847	-0.036754	-0.025920
2848	-0.037399	-0.028309
2849	-0.039355	-0.027464
2850	-0.039220	-0.022022
2851	-0.038238	-0.028245
2852	-0.040304	-0.028586
2853	-0.039660	-0.026165
2854	-0.034969	-0.036201
2855	-0.031147	-0.021044
2856	-0.025159	-0.035000
2857	-0.041788	-0.026667
2858	-0.039103	-0.025996
2859	-0.035945	-0.025959
2860	-0.033935	-0.025886
2861	-0.046073	-0.031393
2862	-0.039347	-0.022953
2863	-0.038573	-0.024824
2864	-0.037919	-0.029330
2865	-0.034485	-0.025447
2866	-0.036732	-0.032636
2867	-0.025763	-0.036023
2868	-0.041289	-0.027632
2869	-0.000330	-0.027675
2870	-0.039258	-0.029996
2871	-0.036877	-0.031220
2872	-0.042569	-0.025797
2873	-0.040127	-0.023238
2874	-0.039953	-0.027515
2875	-0.038435	-0.030842
2876	-0.036846	-0.031832
2877	-0.037756	-0.029631
2878	-0.038887	-0.029332
2879	-0.039846	-0.030261
2880	-0.032402	-0.028521
2881	-0.030679	-0.024711
2882	-0.039870	-0.029705
2883	-0.037741	-0.023638
2884	-0.038597	-0.032362
2885	-0.041756	-0.028956
2886	-0.036336	-0.029332
2887	-0.038823	-0.028039
2888	-0.036831	-0.032157
2889	-0.037659	-0.023458
2890	-0.036544	-0.027619
2891	-0.038577	-0.027688
2892	-0.040693	-0.031105
2893	-0.034668	-0.030529
2894	-0.039369	-0.028242
2895	-0.034483	-0.029737
2896	-0.038308	-0.031495
2897	-0.026966	-0.030404
2898	-0.037202	-0.024528
2899	-0.041757	-0.029756
2900	-0.037342	-0.033087
2901	-0.037766	-0.029923
2902	-0.039737	-0.033024
2903	-0.038557	-0.029450
2904	-0.037244	-0.030970
2905	-0.041224	-0.030530
2906	-0.042154	-0.033883
2907	-0.036831	-0.034899
2908	-0.038544	-0.033818
2909	0.009451	-0.017986
2910	-0.038594	-0.029772
2911	-0.036584	-0.028453
2912	-0.038061	-0.030909
2913	-0.042797	-0.025276
2914	-0.044901	0.079113
2915	-0.040491	-0.026900
2916	-0.038973	-0.027875
2917	-0.040639	-0.030345
2918	-0.038131	-0.029674
2919	-0.036571	-0.027009
2920	-0.075633	-0.064157
2921	-0.047244	-0.034881
2922	-0.035751	-0.031488
2923	-0.039878	-0.026207
2924	-0.038746	-0.032920
2925	-0.036595	-0.036748
2926	-0.035166	-0.023846
2927	-0.034966	-0.025661
2928	-0.044253	-0.033776
2929	-0.039463	-0.019819
2930	-0.035892	-0.028974
2931	-0.040624	-0.029899
2932	-0.041680	-0.034222
2933	-0.045875	-0.028736
2934	-0.028045	-0.032736
2935	-0.037385	-0.030423
2936	-0.040759	-0.032796
2937	-0.044656	-0.036660
2938	-0.038149	-0.031090
2939	-0.033611	-0.027703
2940	-0.038453	-0.064680
2941	-0.031442	-0.036907
2942	-0.040070	-0.031266
2943	-0.024733	-0.054964
2944	-0.040848	-0.032392
2945	-0.035191	-0.034045
2946	-0.034537	-0.029968
2947	-0.038796	-0.035990
2948	-0.033149	-0.136470
2949	-0.037670	-0.033770
2950	-0.039498	-0.031763
2951	-0.048034	-0.023425
2952	-0.039187	-0.031158
2953	-0.038094	-0.030050
2954	-0.030039	-0.038739
2955	-0.039543	-0.037988
2956	-0.045508	-0.037101
2957	-0.025515	-0.029410
2958	-0.039168	-0.029866
2959	-0.039507	-0.032968
2960	-0.038629	-0.030906
2961	-0.036610	-0.033727
2962	-0.043872	-0.038039
2963	-0.051513	-0.029174
2964	-0.039698	-0.033874
2965	-0.032797	-0.030841
2966	-0.039363	-0.034280
2967	-0.029672	-0.032486
2968	-0.038288	-0.032880
2969	-0.038525	-0.033146
2970	-0.037000	-0.017344
2971	-0.038650	-0.033517
2972	-0.036374	-0.032361
2973	-0.038474	-0.034502
2974	-0.043021	-0.033193
2975	-0.035810	-0.040588
2976	-0.040684	-0.032908
2977	-0.103754	0.058790
2978	-0.041330	-0.035231
2979	-0.038314	-0.032752
2980	-0.039224	-0.032129
2981	-0.035238	-0.032048
2982	-0.041366	-0.030352
2983	-0.046714	-0.037892
2984	-0.021343	-0.030056
2985	-0.045630	-0.028130
2986	-0.038173	-0.036886
2987	-0.036642	-0.033939
2988	-0.036804	-0.036041
2989	-0.038093	-0.029776
2990	-0.037710	-0.030294
2991	-0.039826	-0.031782
2992	-0.043142	-0.034277
2993	-0.032594	-0.033334
2994	-0.039480	-0.028869
2995	-0.035581	-0.024676
2996	-0.037521	-0.035550
2997	-0.037218	-0.033341
2998	-0.033696	-0.028737
2999	-0.041188	-0.037936
3000	-0.034513	-0.032062
3001	-0.054783	-0.030936
3002	-0.038137	-0.036085
3003	-0.036912	-0.033852
3004	-0.037504	-0.034092
3005	-0.039080	-0.033357
3006	-0.023957	-0.038315
3007	-0.039993	-0.034148
3008	-0.039606	-0.035987
3009	-0.032565	-0.036260
3010	-0.041685	-0.032525
3011	-0.034683	-0.033165
3012	-0.036107	-0.037284
3013	-0.036510	-0.034112
3014	-0.038549	-0.034346
3015	-0.038829	-0.038781
3016	-0.038112	-0.036914
3017	-0.035369	-0.033106
3018	-0.042307	-0.034866
3019	-0.039812	-0.033251
3020	-0.038291	-0.035137
3021	-0.041779	-0.036221
3022	-0.040537	-0.038748
3023	-0.031799	-0.038240
3024	-0.031717	-0.035465
3025	-0.039805	-0.030940
3026	-0.038238	-0.036180
3027	-0.038633	-0.037230
3028	-0.037219	-0.033720
3029	-0.041599	-0.035015
3030	-0.026299	-0.040374
3031	-0.042272	-0.035049
3032	-0.040586	-0.038583
3033	-0.034866	-0.033056
3034	-0.035364	-0.035222
3035	-0.037952	-0.033103
3036	-0.035292	-0.031918
3037	-0.033343	-0.040195
3038	-0.037527	-0.035985
3039	-0.038537	-0.037712
3040	-0.038857	-0.036319
3041	-0.039266	-0.037411
3042	-0.046402	-0.021610
3043	-0.043441	-0.046841
3044	-0.042147	-0.041015
3045	-0.038186	-0.035905
3046	-0.039453	-0.037895
3047	-0.038237	-0.034830
3048	-0.038991	-0.040327
3049	-0.039307	-0.035825
3050	-0.038331	-0.036967
3051	-0.036479	-0.042956
3052	-0.040731	-0.039004
3053	-0.040071	-0.038251
3054	-0.047304	-0.044082
3055	-0.036228	-0.035668
3056	-0.044752	-0.034915
3057	-0.044483	-0.035267
3058	-0.040307	-0.036601
3059	-0.047998	-0.035748
3060	-0.040839	-0.040208
3061	-0.031240	-0.037017
3062	-0.039478	-0.039295
3063	-0.036974	-0.037425
3064	-0.017965	-0.049178
3065	-0.022779	-0.067464
3066	-0.037147	-0.036008
3067	-0.037462	-0.031147
3068	-0.039934	-0.040003
3069	-0.038644	-0.034507
3070	-0.039683	-0.040729
3071	-0.037510	-0.036251
3072	-0.044218	-0.044513
3073	-0.038745	-0.038245
3074	-0.041379	-0.038347
3075	-0.038205	-0.042841
3076	-0.037533	-0.036976
3077	-0.035571	-0.038190
3078	-0.040920	-0.040435
3079	-0.035747	-0.039421
3080	-0.035033	-0.037098
3081	-0.022861	-0.040604
3082	-0.038289	-0.042139
3083	0.009771	-0.152202
3084	-0.036810	-0.041979
3085	-0.038726	-0.044458
3086	-0.020095	-0.037731
3087	-0.037190	-0.030526
3088	-0.040629	-0.040411
3089	-0.034191	-0.038537
3090	-0.033337	-0.050393
3091	-0.039598	-0.039874
3092	-0.031489	-0.037519
3093	-0.024004	-0.040224
3094	-0.037634	-0.039918
3095	-0.032002	-0.034137
3096	-0.039695	-0.048463
3097	-0.040681	-0.037563
3098	-0.037418	-0.041078
3099	-0.050745	-0.053273
3100	-0.035535	-0.038722
3101	-0.040677	-0.039606
3102	-0.039013	-0.039338
3103	-0.040656	-0.038779
3104	-0.039502	-0.034098
3105	-0.036133	-0.041520
3106	-0.034320	-0.035751
3107	-0.036723	-0.037811
3108	-0.044323	-0.043644
3109	-0.041864	-0.040856
3110	-0.040577	-0.039271
3111	-0.094884	0.068605
3112	-0.051797	-0.038178
3113	-0.039524	-0.041913
3114	-0.039862	-0.040601
3115	-0.040280	-0.041145
3116	-0.036627	-0.039724
3117	-0.035624	-0.042117
3118	-0.040211	-0.042712
3119	-0.028013	-0.043779
3120	-0.032822	-0.039938
3121	-0.020879	-0.051703
3122	-0.042405	-0.038550
3123	-0.038938	-0.040505
3124	-0.036789	-0.041712
3125	-0.039747	-0.035894
3126	-0.041440	-0.043141
3127	-0.036960	-0.046028
3128	-0.039871	-0.042920
3129	-0.041119	-0.042540
3130	-0.039605	-0.047376
3131	-0.034126	-0.046439
3132	-0.039236	-0.041912
3133	-0.040495	-0.038573
3134	-0.054238	-0.036934
3135	-0.000234	-0.022789
3136	-0.037590	-0.045112
3137	-0.038531	-0.041192
3138	-0.039549	-0.041276
3139	-0.037633	-0.043847
3140	-0.036796	-0.040158
3141	-0.038683	-0.042215
3142	-0.036172	-0.043862
3143	-0.039965	-0.042540
3144	-0.044385	-0.044521
3145	-0.036147	-0.037060
3146	-0.040639	-0.044021
3147	-0.034856	-0.046649
3148	-0.036021	-0.045596
3149	-0.043909	-0.149667
3150	-0.040254	-0.044072
3151	-0.036790	-0.047195
3152	-0.038504	-0.044540
3153	-0.039195	-0.045849
3154	-0.039514	-0.041508
3155	-0.038090	-0.043126
3156	-0.039442	-0.043801
3157	-0.038217	-0.043259
3158	-0.035768	-0.049622
3159	-0.028738	-0.050122
3160	-0.036874	-0.040270
3161	-0.034545	-0.048836
3162	-0.038265	-0.044359
3163	-0.039611	-0.035665
3164	-0.038565	-0.043832
3165	0.024409	0.042118
3166	-0.039277	-0.043748
3167	-0.041482	-0.047213
3168	-0.035301	-0.044746
3169	-0.041882	-0.044197
3170	-0.035923	-0.040367
3171	-0.038011	-0.043530
3172	-0.038969	-0.046790
3173	-0.036339	-0.047865
3174	-0.038703	-0.043299
3175	-0.037181	-0.044860
3176	-0.038311	-0.045455
3177	-0.055518	-0.037805
3178	-0.036668	-0.047075
3179	-0.047768	-0.047199
3180	-0.040059	-0.045776
3181	-0.033669	-0.045634
3182	-0.036321	-0.044147
3183	-0.045073	-0.041163
3184	-0.039077	-0.047987
3185	-0.038655	-0.046592
3186	-0.038870	-0.048405
3187	-0.039135	-0.040917
3188	-0.043876	-0.042922
3189	-0.031125	-0.045259
3190	-0.039264	-0.044942
3191	-0.060608	-0.091101
3192	-0.036905	-0.047807
3193	-0.046204	-0.044886
3194	-0.039660	-0.047043
3195	-0.042938	-0.053460
3196	-0.039769	-0.049312
3197	-0.039597	-0.047860
3198	-0.040183	-0.049685
3199	-0.039376	-0.045374
3200	-0.040221	-0.047869
3201	-0.036144	-0.048935
3202	-0.037323	-0.047627
3203	-0.037218	-0.049192
3204	-0.039703	-0.047693
3205	-0.042870	-0.052284
3206	-0.037318	-0.047638
3207	-0.044364	-0.040777
3208	-0.047498	-0.076096
3209	-0.031229	-0.047982
3210	-0.037146	-0.062369
3211	-0.036831	-0.047743
3212	-0.044745	-0.076949
3213	-0.035564	-0.057870
3214	-0.037042	-0.053896
3215	-0.035801	-0.033146
3216	-0.028533	-0.069702
3217	-0.040698	-0.046624
3218	-0.035876	-0.049041
3219	-0.033912	-0.047479
3220	-0.037136	-0.050619
3221	-0.038629	-0.055558
3222	-0.041667	-0.049321
3223	-0.040953	-0.047833
3224	-0.034461	-0.048641
3225	-0.039471	-0.050489
3226	-0.038063	-0.044674
3227	-0.048756	-0.078162
3228	-0.041344	-0.053009
3229	-0.038464	-0.051922
3230	-0.037038	-0.046996
3231	-0.036009	-0.047190
3232	-0.034169	-0.052816
3233	-0.040847	-0.046167
3234	-0.025166	-0.051130
3235	-0.035614	-0.051844
3236	-0.038509	-0.053843
3237	-0.037635	-0.050315
3238	-0.036381	-0.051139
3239	-0.041822	-0.053252
3240	-0.035445	-0.056556
3241	-0.033894	-0.047410
3242	-0.044046	-0.046549
3243	-0.038833	-0.055273
3244	-0.041372	-0.042891
3245	-0.036968	-0.056100
3246	-0.114287	-0.058550
3247	-0.035836	-0.043268
3248	-0.039018	-0.052308
3249	-0.041624	-0.050645
3250	-0.039047	-0.054370
3251	-0.036025	-0.050981
3252	-0.035209	-0.051648
3253	-0.031562	-0.053752
3254	-0.039119	-0.051889
3255	-0.049664	-0.053067
3256	-0.038394	-0.051461
3257	-0.039565	-0.054322
3258	-0.038431	-0.049959
3259	-0.039357	-0.057327
3260	-0.031320	-0.055328
3261	-0.042291	-0.050839
3262	-0.040777	-0.051860
3263	-0.040377	-0.051157
3264	-0.038527	-0.053082
3265	-0.039033	-0.052033
3266	-0.038609	-0.051268
3267	-0.038477	-0.054192
3268	-0.037504	-0.057134
3269	-0.037202	-0.050146
3270	-0.039237	-0.050217
3271	-0.036346	-0.050342
3272	-0.037796	-0.058554
3273	-0.030052	-0.052305
3274	-0.036609	-0.115916
3275	-0.039409	-0.050441
3276	-0.033841	-0.044424
3277	-0.037706	-0.051817
3278	-0.036029	-0.047061
3279	-0.039940	-0.053068
3280	0.036167	-0.050203
3281	-0.038410	-0.052118
3282	-0.040720	-0.057260
3283	-0.039807	-0.057034
3284	-0.037595	-0.055685
3285	-0.041252	-0.054773
3286	-0.029702	-0.056538
3287	-0.033717	-0.043527
3288	-0.041015	-0.051658
3289	-0.041553	-0.049232
3290	-0.039769	-0.054539
3291	-0.038283	-0.055656
3292	-0.061298	-0.054365
3293	-0.033026	-0.053609
3294	-0.040468	-0.054488
3295	-0.043018	-0.057024
3296	-0.046408	-0.054620
3297	-0.047482	-0.053564
3298	-0.040613	-0.058054
3299	-0.035926	-0.055826
3300	-0.051016	-0.048698
3301	-0.049803	-0.051983
3302	-0.037472	-0.058544
3303	-0.040600	-0.057783
3304	-0.045050	-0.052681
3305	-0.053516	-0.050565
3306	-0.036509	-0.057161
3307	-0.035437	-0.052474
3308	-0.040391	-0.050906
3309	-0.043668	-0.054152
3310	-0.038525	-0.056284
3311	-0.036560	-0.055796
3312	-0.035279	-0.051758
3313	-0.042318	-0.054341
3314	-0.041474	-0.056484
3315	-0.042552	-0.056276
3316	-0.035846	-0.057292
3317	-0.041143	-0.052875
3318	-0.039325	-0.056292
3319	-0.039770	-0.057989
3320	-0.040418	-0.060217
3321	-0.038273	-0.058053
3322	-0.043777	-0.055152
3323	-0.037148	-0.056929
3324	-0.039648	-0.053834
3325	-0.040763	-0.056486
3326	-0.039808	-0.057862
3327	-0.035667	-0.055771
3328	-0.048323	-0.060163
3329	-0.043613	-0.058141
3330	-0.040304	-0.059738
3331	-0.040875	-0.057850
3332	-0.040616	-0.056505
3333	-0.035873	-0.059563
3334	-0.040243	-0.061860
3335	-0.036935	-0.057382
3336	-0.033673	-0.053903
3337	-0.037276	-0.059719
3338	-0.038373	-0.059383
3339	-0.038669	-0.059487
3340	-0.039714	-0.060245
3341	-0.040691	-0.058284
3342	-0.036168	-0.068131
3343	-0.084292	-0.075761
3344	-0.035395	-0.057251
3345	-0.040925	-0.056578
3346	-0.045737	-0.061112
3347	-0.033706	-0.056980
3348	-0.037095	-0.055360
3349	-0.113329	-0.053702
3350	-0.030415	-0.066711
3351	-0.043320	-0.061394
3352	-0.035888	-0.060314
3353	-0.041759	-0.060118
3354	-0.042191	-0.057886
3355	-0.038234	-0.060902
3356	-0.040034	-0.056161
3357	-0.037922	-0.053450
3358	-0.035829	-0.064450
3359	-0.037624	-0.059774
3360	-0.041356	-0.063660
3361	-0.028864	-0.049676
3362	-0.038762	-0.055653
3363	-0.035192	-0.060180
3364	-0.038676	-0.066423
3365	-0.054805	-0.058817
3366	-0.037987	-0.061657
3367	-0.038978	-0.060976
3368	-0.036233	-0.063647
3369	-0.044273	-0.061750
3370	-0.041743	-0.057430
3371	-0.036530	-0.062517
3372	-0.041860	-0.058809
3373	-0.042704	-0.064313
3374	-0.038082	-0.061430
3375	-0.035798	-0.059050
3376	-0.037837	-0.065097
3377	-0.040608	-0.063574
3378	-0.034660	-0.065753
3379	-0.023761	-0.070675
3380	-0.035188	-0.063309
3381	-0.040407	-0.066975
3382	-0.040907	-0.060015
3383	-0.037211	-0.066411
3384	-0.036999	-0.066956
3385	-0.039714	-0.067896
3386	-0.037245	-0.063329
3387	-0.036986	-0.064747
3388	-0.039140	-0.062775
3389	-0.038712	-0.064263
3390	-0.038666	-0.064712
3391	-0.038073	-0.058932
3392	-0.036435	-0.065183
3393	-0.038844	-0.062513
3394	-0.039453	-0.064609
3395	-0.049721	-0.052714
3396	-0.037105	-0.066781
3397	-0.038135	-0.064327
3398	-0.036218	-0.064599
3399	-0.055073	-0.043523
3400	-0.038577	-0.067169
3401	-0.042276	-0.065802
3402	-0.038195	-0.066092
3403	-0.041146	-0.061030
3404	-0.040502	-0.065152
3405	-0.041600	-0.059973
3406	-0.041897	-0.066117
3407	-0.024791	-0.065365
3408	-0.040181	-0.067938
3409	-0.053290	-0.197445
3410	-0.038740	-0.051886
3411	-0.039098	-0.068682
3412	-0.039504	-0.067942
3413	-0.037742	-0.071925
3414	-0.039845	-0.058583
3415	-0.039275	-0.067127
3416	-0.033985	-0.066048
3417	0.033001	-0.074415
3418	-0.041413	-0.067775
3419	-0.039827	-0.065957
3420	-0.036885	-0.069300
3421	-0.127767	0.039265
3422	-0.038094	-0.074947
3423	-0.036581	-0.062692
3424	-0.046979	-0.069519
3425	-0.039073	-0.069164
3426	-0.037795	-0.069275
3427	-0.039582	-0.069115
3428	-0.034364	-0.072290
3429	-0.037340	-0.051281
3430	-0.034963	-0.066207
3431	-0.037821	-0.073771
3432	-0.039065	-0.068336
3433	-0.036320	-0.065895
3434	-0.032227	-0.074967
3435	-0.040659	-0.070260
3436	-0.037249	-0.071621
3437	-0.037282	0.069032
3438	-0.036753	-0.066112
3439	-0.038974	-0.071891
3440	-0.038343	-0.065446
3441	-0.038822	-0.069128
3442	-0.037931	-0.071551
3443	-0.037583	-0.071263
3444	-0.041376	-0.074840
3445	-0.039523	-0.068429
3446	-0.036797	-0.064514
3447	-0.038001	-0.070950
3448	-0.034250	-0.065102
3449	-0.046636	-0.073547
3450	-0.041954	-0.073305
3451	-0.032676	-0.070805
3452	-0.037964	-0.071057
3453	-0.039500	-0.071583
3454	-0.040595	-0.074527
3455	-0.049572	-0.054063
3456	-0.038232	-0.072995
3457	-0.041464	-0.071867
3458	-0.040171	-0.070315
3459	-0.040333	-0.071736
3460	-0.037207	-0.072271
3461	-0.040549	-0.073201
3462	-0.037095	-0.078189
3463	-0.082432	-0.037483
3464	-0.004857	-0.040833
3465	-0.031576	-0.087059
3466	-0.011703	-0.084977
3467	-0.035166	-0.076938
3468	-0.038238	-0.072069
3469	-0.036446	-0.059873
3470	-0.038514	-0.074433
3471	-0.034115	-0.077692
3472	-0.039181	-0.074626
3473	-0.039933	-0.073756
3474	-0.031100	-0.075085
3475	-0.042554	-0.074025
3476	-0.039715	-0.073183
3477	-0.031129	-0.079587
3478	-0.043342	-0.078366
3479	-0.040070	-0.075861
3480	-0.039984	-0.076266
3481	-0.039983	-0.076476
3482	-0.042546	-0.071920
3483	-0.030171	-0.073660
3484	-0.038100	-0.076249
3485	-0.038686	-0.077729
3486	-0.038213	-0.074918
3487	-0.040924	-0.072060
3488	-0.039208	-0.075541
3489	-0.037621	-0.076371
3490	-0.031182	-0.078927
3491	-0.035646	-0.074965
3492	-0.034822	-0.078160
3493	-0.038332	-0.080477
3494	-0.039927	-0.076121
3495	-0.024083	-0.060877
3496	-0.038623	-0.077844
3497	-0.040221	-0.081139
3498	-0.035491	-0.076380
3499	-0.042401	-0.083720
3500	-0.039796	-0.077148
3501	-0.035695	-0.078688
3502	-0.038338	-0.083086
3503	-0.038022	-0.079405
3504	-0.035106	-0.077482
3505	-0.038012	-0.080463
3506	-0.038846	-0.080563
3507	-0.025008	-0.072022
3508	-0.032775	-0.082036
3509	-0.035630	-0.080255
3510	-0.034888	-0.079915
3511	-0.040915	-0.069464
3512	-0.041670	-0.080626
3513	-0.039110	-0.080448
3514	-0.037036	-0.078581
3515	-0.034896	-0.079201
3516	-0.040360	-0.080014
3517	-0.041046	-0.078887
3518	-0.058757	-0.083335
3519	-0.038893	-0.081834
3520	-0.038630	-0.083235
3521	-0.036998	-0.083873
3522	-0.039191	-0.081118
3523	-0.044787	-0.083191
3524	-0.037661	-0.084317
3525	-0.040272	-0.084025
3526	-0.047608	-0.082661
3527	-0.038031	-0.082115
3528	-0.041884	-0.082576
3529	-0.029626	-0.085922
3530	-0.039003	-0.082734
3531	-0.038586	-0.084234
3532	-0.039096	-0.082566
3533	-0.035918	-0.085526
3534	-0.041212	-0.086474
3535	-0.025740	-0.085630
3536	-0.039874	-0.084514
3537	-0.041045	-0.081111
3538	-0.037175	-0.084205
3539	-0.045369	-0.083158
3540	-0.035667	-0.085764
3541	-0.043970	-0.082025
3542	-0.029503	-0.089606
3543	-0.037396	-0.086024
3544	-0.035923	-0.084035
3545	-0.036107	-0.084876
3546	-0.040796	-0.089193
3547	-0.037979	-0.084340
3548	-0.040325	-0.086850
3549	-0.038262	-0.087430
3550	-0.025784	-0.088782
3551	-0.039258	-0.084822
3552	-0.037103	-0.086282
3553	-0.042975	-0.092770
3554	-0.037634	-0.081083
3555	-0.037742	-0.085776
3556	-0.041476	-0.094455
3557	-0.039129	-0.088226
3558	-0.039081	-0.088617
3559	-0.025668	-0.083218
3560	-0.038187	-0.088210
3561	-0.039800	-0.086837
3562	-0.026274	-0.088981
3563	-0.039367	-0.087418
3564	-0.034048	-0.086496
3565	-0.042018	-0.093386
3566	-0.039905	-0.088317
3567	-0.039223	-0.088018
3568	-0.039848	-0.090125
3569	-0.040565	-0.088819
3570	-0.047863	-0.090321
3571	-0.014070	-0.085724
3572	-0.107522	-0.050497
3573	-0.039358	-0.087496
3574	-0.038315	-0.090877
3575	-0.039695	-0.092303
3576	-0.040221	-0.091512
3577	-0.038843	-0.092825
3578	-0.039305	-0.091910
3579	-0.040103	-0.101197
3580	-0.040687	-0.092974
3581	-0.042746	-0.092717
3582	-0.035060	-0.076825
3583	-0.037707	-0.096889
3584	-0.040241	-0.089822
3585	-0.042368	-0.090053
3586	-0.038142	-0.095124
3587	-0.039716	-0.090868
3588	-0.036988	-0.095628
3589	-0.040644	-0.094961
3590	-0.035024	-0.094800
3591	-0.031468	-0.094190
3592	-0.041623	-0.095083
3593	-0.034932	-0.096761
3594	-0.041283	-0.089906
3595	-0.038649	-0.095800
3596	-0.040733	-0.095514
3597	-0.038060	-0.097956
3598	-0.040346	-0.100503
3599	-0.035822	-0.091800
3600	-0.035842	-0.130316
3601	-0.034971	-0.093331
3602	-0.033262	-0.119240
3603	-0.042592	-0.100070
3604	-0.038925	-0.097883
3605	-0.038710	-0.097210
3606	-0.037434	-0.097362
3607	-0.040235	-0.099729
3608	-0.045493	-0.097048
3609	-0.039659	-0.098413
3610	-0.040292	-0.097618
3611	-0.037538	-0.102524
3612	-0.038038	-0.109514
3613	-0.037525	-0.098883
3614	-0.041527	-0.099754
3615	-0.039339	-0.098839
3616	-0.039143	-0.100880
3617	-0.039219	-0.104536
3618	-0.036763	-0.128631
3619	-0.041585	-0.103007
3620	-0.037250	-0.106553
3621	-0.038906	-0.101123
3622	-0.039002	-0.104309
3623	-0.039510	-0.100183
3624	-0.034588	-0.102474
3625	-0.037076	-0.099976
3626	-0.036461	-0.103490
3627	-0.039640	-0.105299
3628	-0.034449	-0.098926
3629	-0.036082	-0.102407
3630	-0.033060	-0.099267
3631	-0.038524	-0.104160
3632	-0.036310	-0.103799
3633	-0.039552	-0.107150
3634	-0.043370	-0.109214
3635	-0.039544	-0.103371
3636	-0.027402	-0.099262
3637	-0.032823	-0.102021
3638	-0.031074	-0.100543
3639	-0.034906	-0.098067
3640	-0.033267	-0.103628
3641	-0.037782	-0.111524
3642	-0.034154	-0.106508
3643	-0.037543	-0.111788
3644	-0.041844	-0.108762
3645	-0.039987	-0.106748
3646	-0.022227	-0.097052
3647	-0.040334	-0.109765
3648	-0.038823	-0.105657
3649	-0.032502	-0.109670
3650	-0.036768	-0.111166
3651	-0.039300	-0.109494
3652	-0.046822	-0.073658
3653	-0.072255	-0.108786
3654	-0.039098	-0.111269
3655	-0.036896	-0.111009
3656	-0.037619	-0.110034
3657	-0.039570	-0.110686
3658	-0.037312	-0.115417
3659	-0.037340	-0.111158
3660	-0.047793	-0.106558
3661	-0.043141	-0.110488
3662	-0.040915	-0.115173
3663	-0.032763	-0.109798
3664	-0.041572	-0.121505
3665	-0.029095	-0.103866
3666	-0.047016	-0.114219
3667	-0.042430	-0.114313
3668	-0.038750	-0.109435
3669	-0.038139	-0.113322
3670	-0.038024	-0.110528
3671	-0.036094	-0.125116
3672	-0.034722	-0.117764
3673	-0.040007	-0.118147
3674	-0.036676	-0.116293
3675	-0.042126	-0.101119
3676	-0.039389	-0.121019
3677	-0.070014	-0.131825
3678	-0.044318	-0.117319
3679	-0.039961	-0.118011
3680	-0.038332	-0.118848
3681	-0.039569	-0.123141
3682	-0.039722	-0.117179
3683	-0.037055	-0.116710
3684	-0.037500	-0.118457
3685	-0.042466	-0.120586
3686	-0.029379	-0.111043
3687	-0.037582	-0.121592
3688	-0.046441	-0.121487
3689	-0.039263	-0.118995
3690	-0.046747	-0.124028
3691	-0.041480	-0.118038
3692	-0.037138	-0.119529
3693	-0.044593	-0.124563
3694	-0.042572	-0.123804
3695	-0.045206	-0.121155
3696	-0.038393	-0.123407
3697	-0.043582	-0.134384
3698	-0.038665	-0.122579
3699	-0.038985	-0.123030
3700	-0.026983	-0.128217
3701	-0.040349	-0.124428
3702	-0.046147	-0.116853
3703	-0.039606	-0.123667
3704	-0.047445	-0.129539
3705	-0.037497	-0.118538
3706	-0.041941	-0.124197
3707	-0.043933	-0.126501
3708	-0.042006	-0.127040
3709	-0.070955	-0.136051
3710	-0.040008	-0.127097
3711	-0.036100	-0.123734
3712	-0.033087	-0.130486
3713	-0.043424	-0.125141
3714	-0.040843	-0.129601
3715	-0.037787	-0.130794
3716	-0.028999	-0.140782
3717	-0.036743	-0.131228
3718	-0.038172	-0.134900
3719	-0.028088	-0.321707
3720	-0.037991	-0.132931
3721	-0.038299	-0.132687
3722	-0.037995	-0.132491
3723	-0.041595	-0.136734
3724	-0.036548	-0.135793
3725	-0.038476	-0.132887
3726	-0.040446	-0.131869
3727	-0.035898	-0.132627
3728	-0.039508	-0.134560
3729	-0.039329	-0.134713
3730	-0.034144	-0.133767
3731	-0.054517	-0.171337
3732	-0.038822	-0.137442
3733	-0.032853	-0.138509
3734	-0.038736	-0.131738
3735	-0.094393	-0.271541
3736	-0.038024	-0.139855
3737	-0.031204	-0.132586
3738	-0.038119	-0.134141
3739	-0.053105	-0.139797
3740	-0.037532	-0.142407
3741	-0.039694	-0.142132
3742	-0.039353	-0.144232
3743	-0.038695	-0.137375
3744	-0.037141	-0.140837
3745	-0.040017	-0.141075
3746	-0.041165	-0.143004
3747	-0.035594	-0.138561
3748	-0.038880	-0.143539
3749	-0.039956	-0.143642
3750	-0.038535	-0.145265
3751	-0.034334	-0.145356
3752	-0.039529	-0.149491
3753	-0.038517	-0.143683
3754	-0.040362	-0.141136
3755	-0.039893	-0.145932
3756	-0.037904	-0.146971
3757	-0.039121	-0.143723
3758	-0.040382	-0.145684
3759	-0.040342	-0.158547
3760	-0.050625	-0.161790
3761	-0.035121	-0.150356
3762	-0.038229	-0.152963
3763	0.015070	-0.012499
3764	-0.037222	-0.150919
3765	-0.038040	-0.148189
3766	-0.035133	-0.155740
3767	-0.039061	-0.153307
3768	-0.040296	-0.147587
3769	-0.039773	-0.154842
3770	-0.040794	-0.146785
3771	-0.039009	-0.156802
3772	-0.041510	-0.158474
3773	-0.038933	-0.153221
3774	-0.063137	-0.157717
3775	-0.040362	-0.163281
3776	-0.036913	-0.158259
3777	-0.040706	-0.157470
3778	-0.041071	-0.154048
3779	-0.040819	-0.161739
3780	-0.032543	-0.155762
3781	-0.039924	-0.154303
3782	-0.038911	-0.166335
3783	-0.034236	-0.158623
3784	-0.032350	-0.172180
3785	-0.035685	-0.161099
3786	-0.039893	-0.162624
3787	-0.038755	-0.169213
3788	-0.061916	-0.144551
3789	-0.041449	-0.156922
3790	-0.042006	-0.164686
3791	-0.039992	-0.165577
3792	-0.042532	-0.162446
3793	0.024944	-0.190424
3794	-0.040735	-0.168497
3795	-0.039278	-0.167025
3796	-0.043797	-0.171286
3797	-0.044928	-0.167193
3798	-0.030822	-0.181901
3799	-0.043139	-0.169305
3800	-0.037319	-0.170227
3801	-0.038880	-0.172285
3802	-0.052302	0.029956
3803	-0.043529	-0.174560
3804	-0.037854	-0.175691
3805	-0.034724	-0.175282
3806	-0.043807	-0.177436
3807	-0.039443	-0.177848
3808	-0.040695	-0.177297
3809	-0.036002	-0.178520
3810	-0.037382	-0.181861
3811	-0.042508	-0.181549
3812	-0.046433	-0.178081
3813	-0.041500	-0.178231
3814	-0.042864	-0.181053
3815	-0.040218	-0.186579
3816	-0.011507	-0.155352
3817	-0.033796	-0.202119
3818	-0.038313	-0.185059
3819	-0.044035	-0.181903
3820	-0.039930	-0.185393
3821	-0.042666	-0.186309
3822	-0.038852	-0.188793
3823	-0.034070	-0.184180
3824	-0.039604	-0.188771
3825	-0.040392	-0.189645
3826	-0.039602	-0.189059
3827	-0.025106	-0.198011
3828	-0.041868	-0.187645
3829	-0.033439	-0.197100
3830	-0.035764	-0.202190
3831	-0.036491	-0.191002
3832	-0.039327	-0.196776
3833	-0.037752	-0.196161
3834	-0.038536	-0.194898
3835	-0.043617	-0.194285
3836	-0.039918	-0.200497
3837	-0.038486	-0.197501
3838	-0.041003	-0.202277
3839	-0.036909	-0.199843
3840	-0.046965	-0.192412
3841	-0.039190	-0.200120
3842	-0.039523	-0.201490
3843	-0.039952	-0.200966
3844	-0.036939	-0.193455
3845	-0.040900	-0.203771
3846	-0.036101	-0.204245
3847	-0.040369	-0.205385
3848	-0.039528	-0.209194
3849	-0.043435	-0.206657
3850	-0.046254	-0.209647
3851	-0.046124	-0.205199
3852	-0.038965	-0.212249
3853	-0.044915	-0.216581
3854	-0.028390	-0.213081
3855	-0.038844	-0.214768
3856	-0.042380	-0.218702
3857	-0.035511	-0.219348
3858	-0.030781	-0.214920
3859	-0.050246	-0.216667
3860	-0.038241	-0.216899
3861	-0.040369	-0.220930
3862	-0.040776	-0.220628
3863	-0.041295	-0.220259
3864	-0.039570	-0.226489
3865	-0.042009	-0.225629
3866	-0.036958	-0.225257
3867	-0.039501	-0.226870
3868	-0.042828	-0.227459
3869	-0.043392	-0.225988
3870	-0.043368	-0.234147
3871	-0.043761	-0.233583
3872	-0.037858	-0.234650
3873	-0.039807	-0.235958
3874	-0.025763	-0.226112
3875	-0.043305	-0.235022
3876	-0.041692	-0.237113
3877	-0.044868	-0.228126
3878	-0.030979	-0.249801
3879	-0.040674	-0.238630
3880	-0.041165	-0.240464
3881	-0.037284	-0.236917
3882	-0.037385	-0.237382
3883	-0.041959	-0.245709
3884	-0.037800	-0.250446
3885	-0.040622	-0.248602
3886	-0.034991	-0.247795
3887	-0.043846	-0.251339
3888	-0.041335	-0.253866
3889	-0.046609	-0.256665
3890	-0.040607	-0.254196
3891	-0.108268	-0.282126
3892	-0.041483	-0.258817
3893	-0.041158	-0.257024
3894	-0.043418	-0.262568
3895	-0.043377	-0.261807
3896	-0.045667	-0.268387
3897	-0.040324	-0.266198
3898	-0.076935	-0.199495
3899	-0.037980	-0.269871
3900	-0.037086	-0.280793
3901	-0.049217	-0.273555
3902	-0.039906	-0.274988
3903	-0.043041	-0.274995
3904	-0.039372	-0.276951
3905	-0.024148	-0.266991
3906	-0.040143	-0.285352
3907	-0.056326	-0.273748
3908	-0.046517	-0.276170
3909	-0.042536	-0.283072
3910	-0.040091	-0.289006
3911	-0.040898	-0.289746
3912	-0.041585	-0.288440
3913	-0.049930	-0.294621
3914	-0.038148	-0.288020
3915	-0.042305	-0.296407
3916	-0.041962	-0.301484
3917	-0.043138	-0.303657
3918	-0.037849	-0.309338
3919	-0.041202	-0.307685
3920	-0.043493	-0.306068
3921	-0.036964	-0.311111
3922	-0.042290	-0.313393
3923	-0.061767	-0.311460
3924	-0.040247	-0.315108
3925	-0.042123	-0.320430
3926	-0.004291	-0.384406
3927	-0.043245	-0.323463
3928	-0.038942	-0.330875
3929	-0.045797	-0.327936
3930	-0.041480	-0.328426
3931	-0.040401	-0.329586
3932	-0.041425	-0.332597
3933	-0.049735	-0.330445
3934	-0.042447	-0.339494
3935	-0.042580	-0.341745
3936	-0.038628	-0.346971
3937	-0.044078	-0.346821
3938	-0.042965	-0.350407
3939	-0.019840	-0.368231
3940	-0.038687	-0.356938
3941	-0.060840	-0.352025
3942	-0.039686	-0.353462
3943	-0.047866	-0.362121
3944	-0.047928	-0.362241
3945	-0.043785	-0.373067
3946	-0.042518	-0.373862
3947	-0.046434	-0.381984
3948	-0.034368	-0.369600
3949	-0.042453	-0.383994
3950	-0.047237	-0.386343
3951	-0.041059	-0.388191
3952	-0.036591	-0.395690
3953	-0.046008	-0.396114
3954	-0.043242	-0.401414
3955	-0.042920	-0.405146
3956	-0.037526	-0.412038
3957	-0.042913	-0.412939
3958	-0.043079	-0.417519
3959	-0.050161	-0.411462
3960	-0.042645	-0.422391
3961	-0.049669	-0.429738
3962	-0.052348	-0.441752
3963	-0.045741	-0.436006
3964	-0.023441	-0.425422
3965	-0.047323	-0.442895
3966	-0.044538	-0.444265
3967	-0.044514	-0.456830
3968	-0.046721	-0.457439
3969	-0.105522	-0.443230
3970	-0.046083	-0.471372
3971	-0.050590	-0.479113
3972	-0.041549	-0.479365
3973	-0.048192	-0.484231
3974	-0.045530	-0.492431
3975	0.024473	-0.444585
3976	-0.043208	-0.505332
3977	-0.044224	-0.510912
3978	-0.046906	-0.516619
3979	-0.046302	-0.522728
3980	-0.050764	-0.531645
3981	-0.047566	-0.533145
3982	-0.047623	-0.545513
3983	-0.050616	-0.549057
3984	-0.042357	-0.558757
3985	-0.047998	-0.565294
3986	-0.034359	-0.584477
3987	-0.050596	-0.580780
3988	-0.050491	-0.583792
3989	-0.047459	-0.596343
3990	-0.047303	-0.610434
3991	-0.052414	-0.613524
3992	-0.049484	-0.627963
3993	-0.051542	-0.636582
3994	-0.050542	-0.649981
3995	-0.055873	-0.655729
3996	-0.046513	-0.663766
3997	-0.053943	-0.681189
3998	-0.048022	-0.696585
3999	-0.061155	-0.702209
4000	-0.039836	-0.708556
4001	-0.053686	-0.734392
4002	-0.057155	-0.745300
4003	-0.056647	-0.756196
4004	-0.053019	-0.775710
4005	-0.047117	-0.792691
4006	-0.056114	-0.809690
4007	-0.057648	-0.827344
4008	-0.062536	-0.843239
4009	-0.051873	-0.860828
4010	-0.057294	-0.885114
4011	-0.056990	-0.901456
4012	-0.039771	-0.935829
4013	-0.063665	-0.951563
4014	-0.063227	-0.977010
4015	-0.058567	-1.003733
4016	-0.064735	-1.036945
4017	-0.067208	-1.061139
4018	-0.062784	-1.097158
4019	-0.149045	-1.266508
4020	-0.067154	-1.169741
4021	-0.073035	-1.214024
4022	-0.071228	-1.258867
4023	-0.089435	-1.303089
4024	-0.076594	-1.357960
4025	-0.078126	-1.410817
4026	-0.084833	-1.481788
4027	-0.091216	-1.543934
4028	-0.088942	-1.621952
4029	-0.092412	-1.705969
4030	-0.092092	-1.799922
4031	-0.098136	-1.909031
4032	-0.101849	-2.038226
4033	-0.103926	-2.188030
4034	-0.115165	-2.344022
4035	-0.120089	-2.539425
4036	-0.129725	-2.776217
4037	-0.141041	-3.062891
4038	-0.154379	-3.418688
4039	-0.174507	-3.883749
4040	-0.215624	-4.509589
4041	-0.220208	-5.228687
4042	-0.269729	-6.489102
4043	-0.347643	-8.581985
4044	-0.512895	-12.781030
4045	-0.994418	-25.477884
4046	78.322273	2045.748169
4047	0.929755	24.374241
4048	0.445283	12.138777
4049	0.291541	8.025282
4050	0.209872	5.950000
4051	0.162727	4.714271
4052	0.132613	3.881208
4053	0.106516	3.292425
4054	0.110821	2.853213
4055	0.078736	2.496987
4056	0.066645	2.216430
4057	0.059135	1.990199
4058	0.055555	1.794565
4059	0.050981	1.636008
4060	0.043592	1.496275
4061	-0.064852	1.267582
4062	0.035887	1.267148
4063	0.029732	1.171598
4064	0.025852	1.085374
4065	0.014735	1.013527
4066	0.019003	0.952278
4067	0.021133	0.870109
4068	0.025959	0.839360
4069	0.015545	0.765703
4070	-0.017501	0.704807
4071	0.020145	0.672600
4072	0.010182	0.626982
4073	0.010527	0.590115
4074	0.012193	0.554197
4075	0.001944	0.523539
4076	0.006510	0.479568
4077	0.000397	0.450051
4078	0.006151	0.418148
4079	0.006549	0.389931
4080	0.006298	0.362780
4081	0.003436	0.335545
4082	0.009622	0.240679
4083	0.002656	0.285371
4084	0.002753	0.261925
4085	-0.000215	0.237342
4086	0.005329	0.210470
4087	0.001642	0.191466
4088	0.008121	0.169612
4089	0.095027	0.276746
4090	0.003316	0.139466
4091	-0.001694	0.111147
4092	0.004449	0.096640
4093	0.003160	0.069616
4094	-0.001659	0.048648
4095	0.003688	0.025308
