0	0.000005	0.000000
1	0.000019	-0.019996
2	0.000059	-0.040031
3	0.000143	-0.060179
4	0.000252	-0.080466
5	0.000392	-0.100946
6	0.000568	-0.121667
7	0.000771	-0.142707
8	0.001012	-0.164096
9	0.001289	-0.185906
10	0.001601	-0.208192
11	0.001953	-0.231035
12	0.002347	-0.254495
13	0.002783	-0.278659
14	0.003259	-0.303590
15	0.003795	-0.329434
16	0.004375	-0.356244
17	0.005014	-0.384156
18	0.005700	-0.413268
19	0.006473	-0.443789
20	0.007305	-0.475812
21	0.008213	-0.509542
22	0.009206	-0.545165
23	0.010290	-0.582961
24	0.011478	-0.623151
25	0.012779	-0.666063
26	0.014205	-0.712048
27	0.015778	-0.761545
28	0.017512	-0.815036
29	0.019430	-0.873118
30	0.021564	-0.936473
31	0.023932	-1.006026
32	0.026588	-1.082754
33	0.029575	-1.167968
34	0.032957	-1.263267
35	0.036814	-1.370723
36	0.041241	-1.492924
37	0.046373	-1.633302
38	0.052387	-1.796405
39	0.059509	-1.988490
40	0.068089	-2.218219
41	0.078598	-2.498170
42	0.091764	-2.847157
43	0.108720	-3.294796
44	0.131358	-3.890289
45	0.163072	-4.722192
46	0.210649	-5.967291
47	0.289894	-8.037302
48	0.448005	-12.161961
49	0.918723	-24.431156
50	78.500389	-2045.741943
51	-0.999655	25.540131
52	-0.511366	12.813360
53	-0.349992	8.604198
54	-0.269598	6.504891
55	-0.221473	5.246498
56	-0.189450	4.407687
57	-0.166615	3.808355
58	-0.149516	3.358560
59	-0.136243	3.008430
60	-0.125641	2.728014
61	-0.116979	2.498297
62	-0.109787	2.306600
63	-0.103693	2.144146
64	-0.098488	2.004670
65	-0.093989	1.883581
66	-0.090062	1.777431
67	-0.086598	1.683592
68	-0.083530	1.600010
69	-0.080791	1.525070
70	-0.078337	1.457471
71	-0.076111	1.396194
72	-0.074098	1.340351
73	-0.072264	1.289246
74	-0.070588	1.242286
75	-0.069050	1.198986
76	-0.067633	1.158917
77	-0.066327	1.121722
78	-0.065158	1.087135
79	-0.063994	1.054780
80	-0.062946	1.024537
81	-0.061972	0.996175
82	-0.061059	0.969480
83	-0.060205	0.944407
84	-0.059403	0.920712
85	-0.058650	0.898311
86	-0.057944	0.877099
87	-0.057272	0.856977
88	-0.056637	0.837863
89	-0.056042	0.819683
90	-0.055481	0.802370
91	-0.054941	0.785843
92	-0.054431	0.770072
93	-0.053946	0.754988
94	-0.053500	0.740547
95	-0.053048	0.726720
96	-0.052627	0.713453
97	-0.052230	0.700718
98	-0.051852	0.688447
99	-0.051484	0.676709
100	-0.051137	0.665376
101	-0.050802	0.654464
102	-0.050468	0.643930
103	-0.050175	0.633786
104	-0.049880	0.623984
105	-0.049596	0.614510
106	-0.049316	0.605351
107	-0.049064	0.596492
108	-0.048815	0.587914
109	-0.048570	0.579605
110	-0.048324	0.571557
111	-0.048112	0.563744
112	-0.047895	0.556168
113	-0.047686	0.548815
114	-0.047475	0.541629
115	-0.047288	0.534730
116	-0.047100	0.527981
117	-0.046919	0.521420
118	-0.046743	0.515037
119	-0.046571	0.508816
120	-0.046407	0.502763
121	-0.046245	0.496865
122	-0.046085	0.491117
123	-0.045941	0.485513
124	-0.045796	0.480045
125	-0.045654	0.474712
126	-0.045509	0.469497
127	-0.045382	0.464424
128	-0.045253	0.459461
129	-0.045129	0.454611
130	-0.045002	0.449869
131	-0.044888	0.445238
132	-0.044774	0.440705
133	-0.044660	0.436274
134	-0.044540	0.431934
135	-0.044444	0.427694
136	-0.044342	0.423541
137	-0.044242	0.419472
138	-0.044138	0.415487
139	-0.044048	0.411583
140	-0.043952	0.407758
141	-0.043863	0.404007
142	-0.043785	0.400344
143	-0.043690	0.396727
144	-0.043606	0.393191
145	-0.043523	0.389722
146	-0.043424	0.386304
147	-0.043365	0.382979
148	-0.043288	0.379699
149	-0.043213	0.376479
150	-0.043142	0.373307
151	-0.043069	0.370212
152	-0.042998	0.367160
153	-0.042932	0.364163
154	-0.042863	0.361219
155	-0.042801	0.358321
156	-0.042737	0.355476
157	-0.042675	0.352677
158	-0.042604	0.349925
159	-0.042555	0.347217
160	-0.042500	0.344554
161	-0.042440	0.341934
162	-0.042384	0.339355
163	-0.042330	0.336815
164	-0.042279	0.334320
165	-0.042224	0.331861
166	-0.042174	0.329449
167	-0.042122	0.327055
168	-0.042073	0.324709
169	-0.042026	0.322393
170	-0.041976	0.320112
171	-0.041932	0.317871
172	-0.041885	0.315659
173	-0.041841	0.313480
174	-0.041806	0.311329
175	-0.041755	0.309214
176	-0.041714	0.307127
177	-0.041672	0.305066
178	-0.041641	0.303020
179	-0.041592	0.301035
180	-0.041553	0.299063
181	-0.041513	0.297115
182	-0.041474	0.295199
183	-0.041440	0.293298
184	-0.041404	0.291428
185	-0.041367	0.289582
186	-0.041331	0.287758
187	-0.041299	0.285963
188	-0.041268	0.284190
189	-0.041232	0.282436
190	-0.041192	0.280702
191	-0.041167	0.278999
192	-0.041135	0.277313
193	-0.041105	0.275648
194	-0.041048	0.274012
195	-0.041045	0.272379
196	-0.041016	0.270775
197	-0.040986	0.269190
198	-0.040955	0.267654
199	-0.040929	0.266074
200	-0.040901	0.264545
201	-0.040876	0.263036
202	-0.040869	0.261546
203	-0.040821	0.260064
204	-0.040796	0.258605
205	-0.040772	0.257162
206	-0.040779	0.255756
207	-0.040722	0.254327
208	-0.040697	0.252935
209	-0.040674	0.251555
210	-0.040647	0.250175
211	-0.040626	0.248845
212	-0.040605	0.247510
213	-0.040582	0.246192
214	-0.040574	0.244883
215	-0.040540	0.243597
216	-0.040518	0.242321
217	-0.040495	0.241058
218	-0.040478	0.239812
219	-0.040454	0.238571
220	-0.040433	0.237346
221	-0.040413	0.236137
222	-0.040400	0.234945
223	-0.040375	0.233753
224	-0.040357	0.232581
225	-0.040337	0.231416
226	-0.040322	0.230267
227	-0.040301	0.229127
228	-0.040281	0.227998
229	-0.040265	0.226884
230	-0.040248	0.225788
231	-0.040230	0.224685
232	-0.040212	0.223603
233	-0.040197	0.222527
234	-0.040181	0.221461
235	-0.040163	0.220412
236	-0.040147	0.219368
237	-0.040132	0.218338
238	-0.040127	0.217302
239	-0.040101	0.216301
240	-0.040088	0.215297
241	-0.040071	0.214302
242	-0.040057	0.213328
243	-0.040040	0.212342
244	-0.040027	0.211373
245	-0.040011	0.210416
246	-0.039998	0.209437
247	-0.039983	0.208525
248	-0.039972	0.207593
249	-0.039956	0.206667
250	-0.039956	0.205772
251	-0.039931	0.204843
252	-0.039920	0.203944
253	-0.039905	0.203051
254	-0.039891	0.202147
255	-0.039880	0.201290
256	-0.039867	0.200420
257	-0.039853	0.199558
258	-0.039838	0.198699
259	-0.039830	0.197857
260	-0.039817	0.197020
261	-0.039808	0.196184
262	-0.039788	0.195371
263	-0.039783	0.194540
264	-0.039773	0.193728
265	-0.039761	0.192922
266	-0.039750	0.192120
267	-0.039739	0.191330
268	-0.039728	0.190542
269	-0.039717	0.189765
270	-0.039703	0.188984
271	-0.039697	0.188225
272	-0.039686	0.187462
273	-0.039676	0.186708
274	-0.039673	0.185955
275	-0.039656	0.185216
276	-0.039647	0.184480
277	-0.039635	0.183749
278	-0.039632	0.183024
279	-0.039617	0.182304
280	-0.039609	0.181589
281	-0.039601	0.180879
282	-0.039591	0.180181
283	-0.039580	0.179478
284	-0.039571	0.178785
285	-0.039564	0.178097
286	-0.039558	0.177423
287	-0.039546	0.176738
288	-0.039538	0.176064
289	-0.039529	0.175398
290	-0.039514	0.174733
291	-0.039512	0.174079
292	-0.039503	0.173425
293	-0.039496	0.172778
294	-0.039492	0.172131
295	-0.039479	0.171496
296	-0.039475	0.170866
297	-0.039464	0.170233
298	-0.039456	0.169611
299	-0.039449	0.168989
300	-0.039442	0.168375
301	-0.039433	0.167762
302	-0.039428	0.167167
303	-0.039420	0.166552
304	-0.039414	0.165953
305	-0.039405	0.165359
306	-0.039407	0.164776
307	-0.039390	0.164184
308	-0.039380	0.163597
309	-0.039376	0.163022
310	-0.039365	0.162455
311	-0.039363	0.161877
312	-0.039355	0.161310
313	-0.039350	0.160747
314	-0.039344	0.160188
315	-0.039336	0.159634
316	-0.039329	0.159081
317	-0.039324	0.158534
318	-0.039315	0.157987
319	-0.039311	0.157451
320	-0.039305	0.156913
321	-0.039299	0.156380
322	-0.039296	0.155845
323	-0.039286	0.155323
324	-0.039280	0.154800
325	-0.039275	0.154281
326	-0.039272	0.153763
327	-0.039264	0.153251
328	-0.039258	0.152742
329	-0.039252	0.152236
330	-0.039252	0.151732
331	-0.039240	0.151232
332	-0.039234	0.150736
333	-0.039229	0.150243
334	-0.039233	0.149764
335	-0.039219	0.149264
336	-0.039214	0.148779
337	-0.039207	0.148297
338	-0.039203	0.147817
339	-0.039198	0.147342
340	-0.039194	0.146868
341	-0.039187	0.146400
342	-0.039187	0.145914
343	-0.039178	0.145470
344	-0.039171	0.145008
345	-0.039169	0.144549
346	-0.039171	0.144093
347	-0.039158	0.143639
348	-0.039153	0.143188
349	-0.039148	0.142743
350	-0.039130	0.142275
351	-0.039139	0.141855
352	-0.039134	0.141416
353	-0.039129	0.140978
354	-0.039128	0.140555
355	-0.039121	0.140111
356	-0.039116	0.139681
357	-0.039112	0.139254
358	-0.039107	0.138830
359	-0.039103	0.138407
360	-0.039097	0.137987
361	-0.039094	0.137570
362	-0.039090	0.137152
363	-0.039088	0.136743
364	-0.039080	0.136332
365	-0.039078	0.135924
366	-0.039080	0.135524
367	-0.039070	0.135114
368	-0.039065	0.134713
369	-0.039062	0.134315
370	-0.039065	0.133927
371	-0.039053	0.133523
372	-0.039052	0.133131
373	-0.039046	0.132741
374	-0.039035	0.132353
375	-0.039039	0.131968
376	-0.039033	0.131583
377	-0.039033	0.131202
378	-0.039027	0.130824
379	-0.039023	0.130445
380	-0.039020	0.130069
381	-0.039017	0.129696
382	-0.039020	0.129325
383	-0.039011	0.128955
384	-0.039004	0.128589
385	-0.039003	0.128221
386	-0.038999	0.127864
387	-0.038996	0.127496
388	-0.038991	0.127138
389	-0.038989	0.126777
390	-0.038999	0.126410
391	-0.038983	0.126068
392	-0.038978	0.125715
393	-0.038975	0.125365
394	-0.038977	0.125013
395	-0.038970	0.124669
396	-0.038964	0.124323
397	-0.038962	0.123981
398	-0.038948	0.123632
399	-0.038957	0.123299
400	-0.038953	0.122963
401	-0.038950	0.122624
402	-0.038950	0.122287
403	-0.038944	0.121957
404	-0.038942	0.121623
405	-0.038938	0.121295
406	-0.038935	0.120969
407	-0.038934	0.120640
408	-0.038931	0.120317
409	-0.038927	0.119992
410	-0.038922	0.119667
411	-0.038922	0.119350
412	-0.038919	0.119033
413	-0.038915	0.118716
414	-0.038912	0.118410
415	-0.038909	0.118086
416	-0.038908	0.117776
417	-0.038905	0.117463
418	-0.038901	0.117152
419	-0.038900	0.116846
420	-0.038899	0.116541
421	-0.038894	0.116234
422	-0.038882	0.115934
423	-0.038888	0.115629
424	-0.038885	0.115327
425	-0.038883	0.115029
426	-0.038878	0.114730
427	-0.038878	0.114436
428	-0.038877	0.114139
429	-0.038873	0.113847
430	-0.038881	0.113545
431	-0.038869	0.113263
432	-0.038868	0.112974
433	-0.038863	0.112686
434	-0.038859	0.112408
435	-0.038859	0.112115
436	-0.038853	0.111830
437	-0.038854	0.111546
438	-0.038852	0.111261
439	-0.038849	0.110986
440	-0.038845	0.110707
441	-0.038845	0.110429
442	-0.038842	0.110149
443	-0.038840	0.109876
444	-0.038837	0.109604
445	-0.038835	0.109330
446	-0.038826	0.109064
447	-0.038830	0.108789
448	-0.038826	0.108519
449	-0.038826	0.108252
450	-0.038826	0.107979
451	-0.038823	0.107719
452	-0.038818	0.107454
453	-0.038818	0.107191
454	-0.038816	0.106933
455	-0.038814	0.106668
456	-0.038813	0.106407
457	-0.038810	0.106149
458	-0.038808	0.105898
459	-0.038805	0.105635
460	-0.038804	0.105380
461	-0.038802	0.105124
462	-0.038883	0.104942
463	-0.038796	0.104622
464	-0.038796	0.104372
465	-0.038794	0.104120
466	-0.038796	0.103872
467	-0.038790	0.103625
468	-0.038788	0.103382
469	-0.038787	0.103132
470	-0.038785	0.102887
471	-0.038783	0.102643
472	-0.038781	0.102401
473	-0.038779	0.102160
474	-0.038778	0.101916
475	-0.038775	0.101680
476	-0.038775	0.101440
477	-0.038771	0.101203
478	-0.038789	0.100958
479	-0.038768	0.100730
480	-0.038766	0.100496
481	-0.038764	0.100263
482	-0.038765	0.100036
483	-0.038760	0.099798
484	-0.038763	0.099566
485	-0.038757	0.099338
486	-0.038750	0.099106
487	-0.038753	0.098880
488	-0.038752	0.098651
489	-0.038751	0.098428
490	-0.038745	0.098206
491	-0.038746	0.097978
492	-0.038748	0.097753
493	-0.038744	0.097533
494	-0.038749	0.097315
495	-0.038741	0.097090
496	-0.038740	0.096870
497	-0.038738	0.096651
498	-0.038734	0.096440
499	-0.038733	0.096214
500	-0.038734	0.095998
501	-0.038731	0.095782
502	-0.038731	0.095560
503	-0.038728	0.095353
504	-0.038725	0.095142
505	-0.038724	0.094929
506	-0.038718	0.094717
507	-0.038721	0.094506
508	-0.038721	0.094295
509	-0.038720	0.094086
510	-0.038713	0.093896
511	-0.038715	0.093672
512	-0.038714	0.093467
513	-0.038712	0.093260
514	-0.038708	0.093048
515	-0.038710	0.092850
516	-0.038708	0.092645
517	-0.038709	0.092444
518	-0.038705	0.092244
519	-0.038705	0.092039
520	-0.038703	0.091838
521	-0.038701	0.091640
522	-0.038701	0.091435
523	-0.038699	0.091243
524	-0.038697	0.091046
525	-0.038696	0.090849
526	-0.038704	0.090643
527	-0.038694	0.090456
528	-0.038692	0.090263
529	-0.038691	0.090068
530	-0.038697	0.089890
531	-0.038689	0.089683
532	-0.038685	0.089490
533	-0.038686	0.089298
534	-0.038670	0.089128
535	-0.038683	0.088918
536	-0.038684	0.088730
537	-0.038681	0.088542
538	-0.038671	0.088352
539	-0.038677	0.088168
540	-0.038676	0.087983
541	-0.038676	0.087796
542	-0.038668	0.087593
543	-0.038673	0.087426
544	-0.038671	0.087243
545	-0.038671	0.087059
546	-0.038680	0.086881
547	-0.038669	0.086695
548	-0.038667	0.086515
549	-0.038667	0.086333
550	-0.038681	0.086177
551	-0.038665	0.085975
552	-0.038663	0.085796
553	-0.038662	0.085619
554	-0.038661	0.085443
555	-0.038659	0.085262
556	-0.038657	0.085087
557	-0.038656	0.084914
558	-0.038630	0.084714
559	-0.038654	0.084564
560	-0.038654	0.084391
561	-0.038652	0.084217
562	-0.038673	0.084089
563	-0.038651	0.083873
564	-0.038653	0.083699
565	-0.038648	0.083531
566	-0.038647	0.083365
567	-0.038645	0.083190
568	-0.038646	0.083019
569	-0.038643	0.082853
570	-0.038643	0.082684
571	-0.038641	0.082519
572	-0.038641	0.082352
573	-0.038640	0.082185
574	-0.038634	0.082026
575	-0.038638	0.081854
576	-0.038635	0.081691
577	-0.038635	0.081526
578	-0.038633	0.081363
579	-0.038634	0.081200
580	-0.038635	0.081041
581	-0.038631	0.080878
582	-0.038631	0.080706
583	-0.038628	0.080553
584	-0.038628	0.080394
585	-0.038627	0.080233
586	-0.038628	0.080074
587	-0.038627	0.079915
588	-0.038625	0.079759
589	-0.038624	0.079600
590	-0.038599	0.079445
591	-0.038622	0.079285
592	-0.038621	0.079130
593	-0.038620	0.078973
594	-0.038611	0.078810
595	-0.038618	0.078665
596	-0.038616	0.078509
597	-0.038617	0.078356
598	-0.038614	0.078196
599	-0.038615	0.078051
600	-0.038612	0.077898
601	-0.038613	0.077746
602	-0.038612	0.077592
603	-0.038610	0.077445
604	-0.038610	0.077294
605	-0.038610	0.077144
606	-0.038606	0.076998
607	-0.038607	0.076846
608	-0.038606	0.076698
609	-0.038606	0.076550
610	-0.038607	0.076409
611	-0.038605	0.076256
612	-0.038604	0.076107
613	-0.038604	0.075962
614	-0.038602	0.075820
615	-0.038600	0.075672
616	-0.038599	0.075526
617	-0.038598	0.075382
618	-0.038598	0.075235
619	-0.038597	0.075095
620	-0.038597	0.074954
621	-0.038596	0.074808
622	-0.038602	0.074658
623	-0.038594	0.074526
624	-0.038596	0.074383
625	-0.038593	0.074243
626	-0.038595	0.074072
627	-0.038591	0.073964
628	-0.038588	0.073824
629	-0.038588	0.073684
630	-0.038585	0.073554
631	-0.038587	0.073406
632	-0.038587	0.073269
633	-0.038585	0.073132
634	-0.038591	0.072992
635	-0.038584	0.072858
636	-0.038583	0.072722
637	-0.038583	0.072585
638	-0.038594	0.072456
639	-0.038582	0.072314
640	-0.038581	0.072179
641	-0.038580	0.072045
642	-0.038581	0.071898
643	-0.038578	0.071778
644	-0.038579	0.071645
645	-0.038578	0.071513
646	-0.038570	0.071382
647	-0.038576	0.071247
648	-0.038575	0.071118
649	-0.038575	0.070985
650	-0.038572	0.070857
651	-0.038573	0.070724
652	-0.038572	0.070593
653	-0.038572	0.070464
654	-0.038569	0.070342
655	-0.038570	0.070207
656	-0.038568	0.070078
657	-0.038569	0.069947
658	-0.038559	0.069832
659	-0.038568	0.069692
660	-0.038569	0.069563
661	-0.038566	0.069439
662	-0.038565	0.069313
663	-0.038565	0.069185
664	-0.038562	0.069061
665	-0.038563	0.068934
666	-0.038566	0.068811
667	-0.038563	0.068686
668	-0.038563	0.068561
669	-0.038562	0.068436
670	-0.038561	0.068304
671	-0.038561	0.068188
672	-0.038560	0.068066
673	-0.038558	0.067943
674	-0.038555	0.067826
675	-0.038557	0.067698
676	-0.038557	0.067579
677	-0.038555	0.067456
678	-0.038556	0.067343
679	-0.038554	0.067215
680	-0.038554	0.067093
681	-0.038553	0.066973
682	-0.038554	0.066861
683	-0.038553	0.066735
684	-0.038553	0.066616
685	-0.038551	0.066496
686	-0.038550	0.066382
687	-0.038549	0.066261
688	-0.038549	0.066142
689	-0.038547	0.066025
690	-0.038553	0.065897
691	-0.038548	0.065792
692	-0.038549	0.065675
693	-0.038545	0.065559
694	-0.038537	0.065438
695	-0.038542	0.065327
696	-0.038545	0.065210
697	-0.038543	0.065097
698	-0.038537	0.064983
699	-0.038542	0.064867
700	-0.038542	0.064753
701	-0.038541	0.064640
702	-0.038534	0.064536
703	-0.038542	0.064413
704	-0.038540	0.064301
705	-0.038540	0.064188
706	-0.038540	0.064070
707	-0.038539	0.063963
708	-0.038539	0.063851
709	-0.038537	0.063742
710	-0.038534	0.063631
711	-0.038536	0.063518
712	-0.038537	0.063409
713	-0.038534	0.063297
714	-0.038535	0.063188
715	-0.038535	0.063078
716	-0.038534	0.062967
717	-0.038532	0.062860
718	-0.038511	0.062723
719	-0.038531	0.062641
720	-0.038530	0.062531
721	-0.038531	0.062425
722	-0.038512	0.062322
723	-0.038530	0.062208
724	-0.038530	0.062101
725	-0.038530	0.061995
726	-0.038532	0.061884
727	-0.038528	0.061781
728	-0.038531	0.061675
729	-0.038528	0.061570
730	-0.038527	0.061462
731	-0.038526	0.061359
732	-0.038527	0.061254
733	-0.038525	0.061148
734	-0.038510	0.061042
735	-0.038524	0.060940
736	-0.038524	0.060836
737	-0.038522	0.060731
738	-0.038518	0.060631
739	-0.038522	0.060524
740	-0.038523	0.060421
741	-0.038520	0.060319
742	-0.038519	0.060216
743	-0.038520	0.060115
744	-0.038522	0.060010
745	-0.038519	0.059909
746	-0.038515	0.059808
747	-0.038519	0.059707
748	-0.038519	0.059605
749	-0.038517	0.059504
750	-0.038513	0.059402
751	-0.038516	0.059304
752	-0.038517	0.059203
753	-0.038514	0.059103
754	-0.038486	0.058965
755	-0.038516	0.058905
756	-0.038516	0.058805
757	-0.038514	0.058706
758	-0.038517	0.058605
759	-0.038514	0.058509
760	-0.038513	0.058413
761	-0.038514	0.058314
762	-0.038506	0.058217
763	-0.038512	0.058118
764	-0.038509	0.058019
765	-0.038510	0.057924
766	-0.038515	0.057830
767	-0.038509	0.057730
768	-0.038509	0.057633
769	-0.038508	0.057537
770	-0.038503	0.057443
771	-0.038508	0.057345
772	-0.038506	0.057251
773	-0.038507	0.057155
774	-0.038506	0.057059
775	-0.038506	0.056964
776	-0.038506	0.056867
777	-0.038505	0.056775
778	-0.038506	0.056681
779	-0.038505	0.056586
780	-0.038501	0.056493
781	-0.038504	0.056398
782	-0.038495	0.056304
783	-0.038503	0.056214
784	-0.038502	0.056122
785	-0.038503	0.056029
786	-0.038497	0.055941
787	-0.038502	0.055841
788	-0.038500	0.055749
789	-0.038501	0.055659
790	-0.038498	0.055579
791	-0.038500	0.055476
792	-0.038497	0.055386
793	-0.038498	0.055292
794	-0.038511	0.055210
795	-0.038500	0.055110
796	-0.038498	0.055020
797	-0.038498	0.054931
798	-0.038493	0.054844
799	-0.038496	0.054750
800	-0.038496	0.054662
801	-0.038496	0.054572
802	-0.038499	0.054482
803	-0.038495	0.054393
804	-0.038494	0.054300
805	-0.038495	0.054215
806	-0.038499	0.054133
807	-0.038494	0.054038
808	-0.038493	0.053949
809	-0.038493	0.053862
810	-0.038493	0.053777
811	-0.038492	0.053687
812	-0.038492	0.053598
813	-0.038492	0.053513
814	-0.038496	0.053427
815	-0.038490	0.053339
816	-0.038491	0.053253
817	-0.038489	0.053165
818	-0.038494	0.053090
819	-0.038490	0.052993
820	-0.038490	0.052910
821	-0.038489	0.052822
822	-0.038491	0.052736
823	-0.038488	0.052652
824	-0.038486	0.052565
825	-0.038488	0.052481
826	-0.038483	0.052394
827	-0.038487	0.052312
828	-0.038487	0.052229
829	-0.038487	0.052143
830	-0.038488	0.052058
831	-0.038486	0.051974
832	-0.038483	0.051890
833	-0.038485	0.051808
834	-0.038480	0.051737
835	-0.038484	0.051641
836	-0.038483	0.051556
837	-0.038484	0.051476
838	-0.038480	0.051387
839	-0.038483	0.051310
840	-0.038482	0.051228
841	-0.038484	0.051147
842	-0.038486	0.051072
843	-0.038481	0.050982
844	-0.038480	0.050900
845	-0.038481	0.050819
846	-0.038459	0.050709
847	-0.038479	0.050657
848	-0.038480	0.050574
849	-0.038480	0.050495
850	-0.038483	0.050401
851	-0.038480	0.050333
852	-0.038480	0.050253
853	-0.038478	0.050172
854	-0.038476	0.050097
855	-0.038477	0.050013
856	-0.038478	0.049934
857	-0.038478	0.049853
858	-0.038480	0.049766
859	-0.038476	0.049695
860	-0.038475	0.049616
861	-0.038476	0.049536
862	-0.038479	0.049467
863	-0.038475	0.049380
864	-0.038475	0.049302
865	-0.038475	0.049222
866	-0.038476	0.049144
867	-0.038475	0.049067
868	-0.038471	0.048989
869	-0.038474	0.048912
870	-0.038474	0.048832
871	-0.038473	0.048757
872	-0.038474	0.048680
873	-0.038473	0.048602
874	-0.038472	0.048525
875	-0.038472	0.048449
876	-0.038470	0.048371
877	-0.038472	0.048297
878	-0.038478	0.048228
879	-0.038471	0.048143
880	-0.038473	0.048068
881	-0.038470	0.047992
882	-0.038479	0.047927
883	-0.038470	0.047840
884	-0.038468	0.047764
885	-0.038469	0.047690
886	-0.038469	0.047610
887	-0.038467	0.047539
888	-0.038469	0.047466
889	-0.038468	0.047391
890	-0.038468	0.047316
891	-0.038467	0.047242
892	-0.038468	0.047168
893	-0.038467	0.047094
894	-0.038473	0.047014
895	-0.038468	0.046945
896	-0.038469	0.046873
897	-0.038465	0.046798
898	-0.038470	0.046726
899	-0.038466	0.046651
900	-0.038465	0.046576
901	-0.038465	0.046505
902	-0.038466	0.046442
903	-0.038465	0.046361
904	-0.038465	0.046289
905	-0.038465	0.046214
906	-0.038464	0.046139
907	-0.038464	0.046071
908	-0.038464	0.045998
909	-0.038463	0.045926
910	-0.038471	0.045863
911	-0.038463	0.045782
912	-0.038461	0.045711
913	-0.038462	0.045639
914	-0.038451	0.045575
915	-0.038462	0.045497
916	-0.038461	0.045426
917	-0.038461	0.045354
918	-0.038464	0.045287
919	-0.038461	0.045213
920	-0.038460	0.045142
921	-0.038461	0.045072
922	-0.038456	0.045004
923	-0.038459	0.044932
924	-0.038459	0.044865
925	-0.038457	0.044793
926	-0.038458	0.044723
927	-0.038458	0.044654
928	-0.038458	0.044585
929	-0.038458	0.044514
930	-0.038467	0.044445
931	-0.038457	0.044376
932	-0.038457	0.044308
933	-0.038457	0.044238
934	-0.038466	0.044160
935	-0.038458	0.044102
936	-0.038457	0.044034
937	-0.038456	0.043964
938	-0.038457	0.043890
939	-0.038456	0.043827
940	-0.038454	0.043760
941	-0.038454	0.043691
942	-0.038451	0.043608
943	-0.038454	0.043556
944	-0.038455	0.043489
945	-0.038455	0.043421
946	-0.038454	0.043345
947	-0.038454	0.043287
948	-0.038454	0.043218
949	-0.038453	0.043154
950	-0.038454	0.043090
951	-0.038452	0.043019
952	-0.038451	0.042952
953	-0.038452	0.042886
954	-0.038450	0.042822
955	-0.038453	0.042754
956	-0.038453	0.042690
957	-0.038451	0.042622
958	-0.038457	0.042556
959	-0.038450	0.042489
960	-0.038450	0.042421
961	-0.038450	0.042359
962	-0.038457	0.042287
963	-0.038449	0.042228
964	-0.038449	0.042163
965	-0.038450	0.042098
966	-0.038451	0.042038
967	-0.038450	0.041966
968	-0.038449	0.041905
969	-0.038450	0.041837
970	-0.038446	0.041777
971	-0.038448	0.041709
972	-0.038450	0.041644
973	-0.038447	0.041580
974	-0.038448	0.041580
975	-0.038449	0.041453
976	-0.038451	0.041389
977	-0.038447	0.041323
978	-0.038454	0.041263
979	-0.038447	0.041198
980	-0.038447	0.041134
981	-0.038447	0.041070
982	-0.038451	0.041007
983	-0.038446	0.040943
984	-0.038444	0.040879
985	-0.038447	0.040817
986	-0.038448	0.040751
987	-0.038446	0.040692
988	-0.038446	0.040629
989	-0.038447	0.040566
990	-0.038447	0.040509
991	-0.038445	0.040441
992	-0.038444	0.040379
993	-0.038444	0.040318
994	-0.038445	0.040251
995	-0.038443	0.040194
996	-0.038441	0.040129
997	-0.038444	0.040069
998	-0.038438	0.040009
999	-0.038443	0.039946
1000	-0.038446	0.039885
1001	-0.038442	0.039824
1002	-0.038443	0.039766
1003	-0.038442	0.039700
1004	-0.038441	0.039641
1005	-0.038442	0.039581
1006	-0.038441	0.039522
1007	-0.038442	0.039457
1008	-0.038441	0.039398
1009	-0.038442	0.039335
1010	-0.038447	0.039291
1011	-0.038441	0.039216
1012	-0.038440	0.039156
1013	-0.038440	0.039094
1014	-0.038440	0.039031
1015	-0.038441	0.038975
1016	-0.038439	0.038913
1017	-0.038440	0.038856
1018	-0.038441	0.038793
1019	-0.038440	0.038736
1020	-0.038440	0.038675
1021	-0.038439	0.038617
1022	-0.038435	0.038546
1023	-0.038440	0.038499
1024	-0.038438	0.038436
1025	-0.038439	0.038379
1026	-0.038433	0.038318
1027	-0.038438	0.038260
1028	-0.038437	0.038203
1029	-0.038438	0.038145
1030	-0.038435	0.038085
1031	-0.038438	0.038027
1032	-0.038439	0.037967
1033	-0.038437	0.037910
1034	-0.038437	0.037848
1035	-0.038436	0.037794
1036	-0.038437	0.037734
1037	-0.038437	0.037677
1038	-0.038451	0.037622
1039	-0.038436	0.037562
1040	-0.038438	0.037504
1041	-0.038435	0.037447
1042	-0.038428	0.037381
1043	-0.038436	0.037332
1044	-0.038433	0.037275
1045	-0.038436	0.037216
1046	-0.038428	0.037164
1047	-0.038436	0.037102
1048	-0.038435	0.037046
1049	-0.038434	0.036988
1050	-0.038435	0.036928
1051	-0.038435	0.036874
1052	-0.038434	0.036818
1053	-0.038435	0.036761
1054	-0.038428	0.036694
1055	-0.038433	0.036648
1056	-0.038433	0.036588
1057	-0.038433	0.036535
1058	-0.038432	0.036484
1059	-0.038433	0.036424
1060	-0.038435	0.036368
1061	-0.038432	0.036310
1062	-0.038433	0.036261
1063	-0.038433	0.036199
1064	-0.038434	0.036141
1065	-0.038432	0.036088
1066	-0.038431	0.036035
1067	-0.038432	0.035978
1068	-0.038434	0.035918
1069	-0.038431	0.035867
1070	-0.038422	0.035815
1071	-0.038431	0.035755
1072	-0.038430	0.035700
1073	-0.038431	0.035644
1074	-0.038404	0.035568
1075	-0.038430	0.035536
1076	-0.038429	0.035482
1077	-0.038431	0.035426
1078	-0.038432	0.035371
1079	-0.038430	0.035316
1080	-0.038431	0.035262
1081	-0.038430	0.035209
1082	-0.038424	0.035153
1083	-0.038428	0.035100
1084	-0.038432	0.035047
1085	-0.038427	0.034991
1086	-0.038425	0.034939
1087	-0.038429	0.034884
1088	-0.038428	0.034831
1089	-0.038429	0.034776
1090	-0.038431	0.034722
1091	-0.038428	0.034668
1092	-0.038428	0.034614
1093	-0.038428	0.034561
1094	-0.038426	0.034503
1095	-0.038428	0.034455
1096	-0.038428	0.034405
1097	-0.038428	0.034349
1098	-0.038429	0.034295
1099	-0.038427	0.034242
1100	-0.038426	0.034188
1101	-0.038427	0.034136
1102	-0.038438	0.034126
1103	-0.038426	0.034031
1104	-0.038428	0.033978
1105	-0.038425	0.033925
1106	-0.038415	0.033864
1107	-0.038427	0.033821
1108	-0.038426	0.033768
1109	-0.038425	0.033717
1110	-0.038423	0.033666
1111	-0.038426	0.033612
1112	-0.038426	0.033559
1113	-0.038425	0.033508
1114	-0.038427	0.033455
1115	-0.038424	0.033403
1116	-0.038426	0.033352
1117	-0.038426	0.033298
1118	-0.038403	0.033261
1119	-0.038424	0.033197
1120	-0.038426	0.033147
1121	-0.038423	0.033094
1122	-0.038430	0.033038
1123	-0.038423	0.032991
1124	-0.038424	0.032938
1125	-0.038423	0.032888
1126	-0.038417	0.032835
1127	-0.038424	0.032787
1128	-0.038423	0.032731
1129	-0.038422	0.032683
1130	-0.038417	0.032634
1131	-0.038424	0.032582
1132	-0.038421	0.032531
1133	-0.038422	0.032481
1134	-0.038414	0.032461
1135	-0.038422	0.032380
1136	-0.038421	0.032329
1137	-0.038421	0.032279
1138	-0.038412	0.032224
1139	-0.038422	0.032179
1140	-0.038422	0.032128
1141	-0.038422	0.032078
1142	-0.038426	0.032021
1143	-0.038423	0.031978
1144	-0.038423	0.031927
1145	-0.038420	0.031879
1146	-0.038422	0.031831
1147	-0.038421	0.031779
1148	-0.038420	0.031729
1149	-0.038420	0.031679
1150	-0.038441	0.031662
1151	-0.038421	0.031581
1152	-0.038420	0.031531
1153	-0.038419	0.031480
1154	-0.038420	0.031439
1155	-0.038419	0.031382
1156	-0.038417	0.031334
1157	-0.038419	0.031284
1158	-0.038414	0.031234
1159	-0.038420	0.031186
1160	-0.038417	0.031139
1161	-0.038419	0.031089
1162	-0.038417	0.031037
1163	-0.038419	0.030990
1164	-0.038420	0.030942
1165	-0.038418	0.030894
1166	-0.038430	0.030846
1167	-0.038419	0.030797
1168	-0.038418	0.030747
1169	-0.038418	0.030700
1170	-0.038409	0.030647
1171	-0.038418	0.030604
1172	-0.038418	0.030554
1173	-0.038417	0.030507
1174	-0.038418	0.030464
1175	-0.038418	0.030410
1176	-0.038417	0.030363
1177	-0.038418	0.030315
1178	-0.038417	0.030271
1179	-0.038417	0.030219
1180	-0.038417	0.030172
1181	-0.038417	0.030124
1182	-0.038412	0.030073
1183	-0.038417	0.030027
1184	-0.038416	0.029980
1185	-0.038418	0.029933
1186	-0.038418	0.029884
1187	-0.038416	0.029839
1188	-0.038418	0.029791
1189	-0.038415	0.029744
1190	-0.038426	0.029696
1191	-0.038417	0.029649
1192	-0.038416	0.029603
1193	-0.038415	0.029556
1194	-0.038413	0.029516
1195	-0.038415	0.029462
1196	-0.038415	0.029414
1197	-0.038415	0.029368
1198	-0.038417	0.029319
1199	-0.038414	0.029275
1200	-0.038413	0.029228
1201	-0.038414	0.029181
1202	-0.038402	0.029103
1203	-0.038415	0.029088
1204	-0.038414	0.029042
1205	-0.038415	0.028996
1206	-0.038418	0.028946
1207	-0.038414	0.028903
1208	-0.038415	0.028856
1209	-0.038414	0.028810
1210	-0.038413	0.028759
1211	-0.038413	0.028718
1212	-0.038414	0.028668
1213	-0.038414	0.028626
1214	-0.038410	0.028579
1215	-0.038414	0.028534
1216	-0.038415	0.028489
1217	-0.038413	0.028444
1218	-0.038417	0.028399
1219	-0.038412	0.028352
1220	-0.038411	0.028305
1221	-0.038414	0.028261
1222	-0.038418	0.028219
1223	-0.038412	0.028169
1224	-0.038412	0.028127
1225	-0.038412	0.028080
1226	-0.038412	0.028036
1227	-0.038411	0.027989
1228	-0.038411	0.027949
1229	-0.038412	0.027899
1230	-0.038441	0.027832
1231	-0.038411	0.027807
1232	-0.038411	0.027764
1233	-0.038413	0.027718
1234	-0.038424	0.027702
1235	-0.038412	0.027629
1236	-0.038410	0.027584
1237	-0.038412	0.027540
1238	-0.038406	0.027495
1239	-0.038411	0.027451
1240	-0.038411	0.027406
1241	-0.038411	0.027362
1242	-0.038410	0.027314
1243	-0.038409	0.027272
1244	-0.038412	0.027228
1245	-0.038411	0.027184
1246	-0.038410	0.027139
1247	-0.038410	0.027095
1248	-0.038411	0.027050
1249	-0.038410	0.027006
1250	-0.038411	0.026959
1251	-0.038409	0.026920
1252	-0.038409	0.026877
1253	-0.038411	0.026832
1254	-0.038413	0.026784
1255	-0.038410	0.026744
1256	-0.038411	0.026701
1257	-0.038410	0.026656
1258	-0.038411	0.026612
1259	-0.038409	0.026568
1260	-0.038410	0.026524
1261	-0.038409	0.026481
1262	-0.038419	0.026438
1263	-0.038408	0.026395
1264	-0.038407	0.026353
1265	-0.038410	0.026309
1266	-0.038407	0.026288
1267	-0.038407	0.026221
1268	-0.038407	0.026177
1269	-0.038409	0.026135
1270	-0.038410	0.026091
1271	-0.038408	0.026048
1272	-0.038408	0.026006
1273	-0.038408	0.025962
1274	-0.038407	0.025923
1275	-0.038407	0.025877
1276	-0.038406	0.025832
1277	-0.038407	0.025790
1278	-0.038417	0.025752
1279	-0.038408	0.025706
1280	-0.038407	0.025660
1281	-0.038406	0.025620
1282	-0.038408	0.025570
1283	-0.038409	0.025535
1284	-0.038406	0.025492
1285	-0.038406	0.025452
1286	-0.038406	0.025413
1287	-0.038406	0.025365
1288	-0.038404	0.025323
1289	-0.038407	0.025282
1290	-0.038402	0.025236
1291	-0.038406	0.025196
1292	-0.038406	0.025152
1293	-0.038407	0.025113
1294	-0.038415	0.025049
1295	-0.038407	0.025027
1296	-0.038407	0.024983
1297	-0.038406	0.024943
1298	-0.038423	0.024905
1299	-0.038406	0.024861
1300	-0.038408	0.024818
1301	-0.038406	0.024776
1302	-0.038404	0.024740
1303	-0.038407	0.024692
1304	-0.038405	0.024652
1305	-0.038405	0.024609
1306	-0.038401	0.024573
1307	-0.038406	0.024526
1308	-0.038404	0.024485
1309	-0.038405	0.024443
1310	-0.038407	0.024404
1311	-0.038404	0.024361
1312	-0.038406	0.024321
1313	-0.038405	0.024278
1314	-0.038407	0.024248
1315	-0.038405	0.024196
1316	-0.038407	0.024157
1317	-0.038404	0.024113
1318	-0.038405	0.024073
1319	-0.038405	0.024031
1320	-0.038405	0.023992
1321	-0.038404	0.023949
1322	-0.038405	0.023910
1323	-0.038405	0.023868
1324	-0.038405	0.023830
1325	-0.038405	0.023785
1326	-0.038399	0.023744
1327	-0.038404	0.023705
1328	-0.038403	0.023663
1329	-0.038404	0.023622
1330	-0.038405	0.023568
1331	-0.038403	0.023542
1332	-0.038403	0.023502
1333	-0.038402	0.023460
1334	-0.038402	0.023417
1335	-0.038404	0.023379
1336	-0.038403	0.023340
1337	-0.038403	0.023300
1338	-0.038399	0.023260
1339	-0.038403	0.023218
1340	-0.038402	0.023179
1341	-0.038403	0.023137
1342	-0.038405	0.023102
1343	-0.038403	0.023057
1344	-0.038400	0.023017
1345	-0.038402	0.022977
1346	-0.038406	0.022939
1347	-0.038402	0.022897
1348	-0.038400	0.022858
1349	-0.038402	0.022819
1350	-0.038404	0.022777
1351	-0.038402	0.022738
1352	-0.038402	0.022697
1353	-0.038402	0.022658
1354	-0.038403	0.022617
1355	-0.038401	0.022579
1356	-0.038403	0.022539
1357	-0.038401	0.022500
1358	-0.038422	0.022461
1359	-0.038401	0.022420
1360	-0.038401	0.022381
1361	-0.038402	0.022342
1362	-0.038407	0.022299
1363	-0.038401	0.022263
1364	-0.038402	0.022223
1365	-0.038401	0.022183
1366	-0.038399	0.022142
1367	-0.038400	0.022105
1368	-0.038401	0.022068
1369	-0.038400	0.022026
1370	-0.038400	0.021989
1371	-0.038401	0.021948
1372	-0.038399	0.021910
1373	-0.038401	0.021871
1374	-0.038404	0.021819
1375	-0.038401	0.021792
1376	-0.038402	0.021752
1377	-0.038400	0.021715
1378	-0.038398	0.021677
1379	-0.038399	0.021636
1380	-0.038399	0.021599
1381	-0.038400	0.021559
1382	-0.038402	0.021532
1383	-0.038399	0.021481
1384	-0.038399	0.021446
1385	-0.038399	0.021404
1386	-0.038403	0.021367
1387	-0.038400	0.021326
1388	-0.038399	0.021287
1389	-0.038400	0.021249
1390	-0.038398	0.021216
1391	-0.038399	0.021173
1392	-0.038399	0.021136
1393	-0.038399	0.021096
1394	-0.038376	0.021035
1395	-0.038399	0.021020
1396	-0.038398	0.020981
1397	-0.038398	0.020943
1398	-0.038399	0.020910
1399	-0.038399	0.020867
1400	-0.038398	0.020829
1401	-0.038400	0.020791
1402	-0.038403	0.020754
1403	-0.038398	0.020714
1404	-0.038398	0.020676
1405	-0.038399	0.020638
1406	-0.038404	0.020603
1407	-0.038398	0.020563
1408	-0.038399	0.020526
1409	-0.038399	0.020486
1410	-0.038396	0.020447
1411	-0.038398	0.020410
1412	-0.038393	0.020375
1413	-0.038398	0.020335
1414	-0.038388	0.020302
1415	-0.038397	0.020260
1416	-0.038397	0.020222
1417	-0.038398	0.020184
1418	-0.038396	0.020141
1419	-0.038397	0.020108
1420	-0.038396	0.020072
1421	-0.038397	0.020035
1422	-0.038403	0.020005
1423	-0.038397	0.019960
1424	-0.038396	0.019921
1425	-0.038395	0.019885
1426	-0.038385	0.019853
1427	-0.038397	0.019809
1428	-0.038399	0.019772
1429	-0.038396	0.019735
1430	-0.038395	0.019698
1431	-0.038396	0.019661
1432	-0.038399	0.019624
1433	-0.038398	0.019586
1434	-0.038399	0.019554
1435	-0.038396	0.019513
1436	-0.038397	0.019474
1437	-0.038396	0.019438
1438	-0.038395	0.019392
1439	-0.038396	0.019364
1440	-0.038396	0.019327
1441	-0.038395	0.019290
1442	-0.038395	0.019259
1443	-0.038395	0.019217
1444	-0.038397	0.019181
1445	-0.038395	0.019142
1446	-0.038394	0.019109
1447	-0.038397	0.019069
1448	-0.038396	0.019032
1449	-0.038397	0.018995
1450	-0.038396	0.018957
1451	-0.038396	0.018922
1452	-0.038398	0.018886
1453	-0.038396	0.018851
1454	-0.038396	0.018815
1455	-0.038395	0.018777
1456	-0.038395	0.018739
1457	-0.038395	0.018703
1458	-0.038384	0.018674
1459	-0.038395	0.018631
1460	-0.038395	0.018591
1461	-0.038395	0.018557
1462	-0.038388	0.018521
1463	-0.038396	0.018486
1464	-0.038397	0.018447
1465	-0.038395	0.018413
1466	-0.038389	0.018377
1467	-0.038397	0.018340
1468	-0.038395	0.018305
1469	-0.038395	0.018267
1470	-0.038403	0.018233
1471	-0.038395	0.018196
1472	-0.038395	0.018158
1473	-0.038395	0.018123
1474	-0.038398	0.018097
1475	-0.038394	0.018051
1476	-0.038396	0.018018
1477	-0.038394	0.017980
1478	-0.038390	0.017941
1479	-0.038395	0.017908
1480	-0.038394	0.017871
1481	-0.038395	0.017837
1482	-0.038394	0.017794
1483	-0.038393	0.017765
1484	-0.038396	0.017728
1485	-0.038395	0.017692
1486	-0.038425	0.017647
1487	-0.038395	0.017621
1488	-0.038395	0.017587
1489	-0.038394	0.017549
1490	-0.038397	0.017515
1491	-0.038394	0.017480
1492	-0.038395	0.017444
1493	-0.038394	0.017408
1494	-0.038394	0.017368
1495	-0.038395	0.017336
1496	-0.038394	0.017303
1497	-0.038395	0.017266
1498	-0.038388	0.017238
1499	-0.038394	0.017195
1500	-0.038394	0.017161
1501	-0.038393	0.017125
1502	-0.038397	0.017093
1503	-0.038393	0.017054
1504	-0.038394	0.017015
1505	-0.038394	0.016983
1506	-0.038395	0.016949
1507	-0.038393	0.016913
1508	-0.038393	0.016878
1509	-0.038393	0.016842
1510	-0.038390	0.016806
1511	-0.038394	0.016772
1512	-0.038394	0.016737
1513	-0.038393	0.016702
1514	-0.038398	0.016663
1515	-0.038393	0.016633
1516	-0.038392	0.016596
1517	-0.038392	0.016561
1518	-0.038393	0.016522
1519	-0.038392	0.016493
1520	-0.038392	0.016457
1521	-0.038392	0.016422
1522	-0.038409	0.016379
1523	-0.038393	0.016353
1524	-0.038392	0.016318
1525	-0.038392	0.016283
1526	-0.038393	0.016240
1527	-0.038391	0.016214
1528	-0.038392	0.016178
1529	-0.038393	0.016144
1530	-0.038395	0.016114
1531	-0.038393	0.016076
1532	-0.038391	0.016040
1533	-0.038392	0.016006
1534	-0.038392	0.015964
1535	-0.038393	0.015937
1536	-0.038391	0.015902
1537	-0.038392	0.015868
1538	-0.038391	0.015830
1539	-0.038392	0.015800
1540	-0.038392	0.015764
1541	-0.038393	0.015731
1542	-0.038391	0.015695
1543	-0.038392	0.015662
1544	-0.038392	0.015626
1545	-0.038393	0.015592
1546	-0.038391	0.015556
1547	-0.038392	0.015525
1548	-0.038390	0.015491
1549	-0.038392	0.015455
1550	-0.038410	0.015411
1551	-0.038392	0.015388
1552	-0.038390	0.015352
1553	-0.038391	0.015318
1554	-0.038368	0.015280
1555	-0.038391	0.015250
1556	-0.038388	0.015215
1557	-0.038392	0.015182
1558	-0.038391	0.015145
1559	-0.038390	0.015115
1560	-0.038391	0.015082
1561	-0.038390	0.015046
1562	-0.038393	0.015010
1563	-0.038391	0.014978
1564	-0.038388	0.014945
1565	-0.038390	0.014910
1566	-0.038398	0.014878
1567	-0.038390	0.014843
1568	-0.038390	0.014806
1569	-0.038390	0.014776
1570	-0.038389	0.014738
1571	-0.038391	0.014709
1572	-0.038391	0.014676
1573	-0.038389	0.014640
1574	-0.038391	0.014604
1575	-0.038391	0.014573
1576	-0.038389	0.014540
1577	-0.038391	0.014506
1578	-0.038390	0.014471
1579	-0.038390	0.014438
1580	-0.038391	0.014408
1581	-0.038390	0.014370
1582	-0.038385	0.014323
1583	-0.038390	0.014303
1584	-0.038390	0.014269
1585	-0.038390	0.014237
1586	-0.038378	0.014181
1587	-0.038390	0.014171
1588	-0.038390	0.014136
1589	-0.038389	0.014102
1590	-0.038387	0.014068
1591	-0.038390	0.014036
1592	-0.038388	0.014003
1593	-0.038389	0.013969
1594	-0.038387	0.013931
1595	-0.038388	0.013903
1596	-0.038391	0.013868
1597	-0.038389	0.013837
1598	-0.038392	0.013791
1599	-0.038389	0.013768
1600	-0.038390	0.013734
1601	-0.038389	0.013703
1602	-0.038387	0.013672
1603	-0.038389	0.013637
1604	-0.038391	0.013606
1605	-0.038389	0.013570
1606	-0.038390	0.013530
1607	-0.038388	0.013504
1608	-0.038390	0.013470
1609	-0.038387	0.013439
1610	-0.038394	0.013406
1611	-0.038389	0.013371
1612	-0.038389	0.013337
1613	-0.038388	0.013306
1614	-0.038415	0.013282
1615	-0.038389	0.013239
1616	-0.038388	0.013206
1617	-0.038390	0.013173
1618	-0.038392	0.013152
1619	-0.038389	0.013109
1620	-0.038388	0.013074
1621	-0.038388	0.013042
1622	-0.038384	0.013008
1623	-0.038388	0.012976
1624	-0.038390	0.012944
1625	-0.038390	0.012911
1626	-0.038392	0.012878
1627	-0.038388	0.012845
1628	-0.038385	0.012814
1629	-0.038390	0.012780
1630	-0.038397	0.012751
1631	-0.038389	0.012713
1632	-0.038387	0.012682
1633	-0.038388	0.012649
1634	-0.038386	0.012623
1635	-0.038388	0.012584
1636	-0.038389	0.012550
1637	-0.038388	0.012519
1638	-0.038392	0.012489
1639	-0.038387	0.012452
1640	-0.038387	0.012420
1641	-0.038388	0.012388
1642	-0.038387	0.012358
1643	-0.038389	0.012322
1644	-0.038389	0.012291
1645	-0.038388	0.012258
1646	-0.038388	0.012220
1647	-0.038387	0.012194
1648	-0.038389	0.012160
1649	-0.038388	0.012128
1650	-0.038394	0.012091
1651	-0.038388	0.012065
1652	-0.038386	0.012031
1653	-0.038387	0.012000
1654	-0.038393	0.011964
1655	-0.038387	0.011934
1656	-0.038390	0.011904
1657	-0.038387	0.011869
1658	-0.038385	0.011834
1659	-0.038389	0.011806
1660	-0.038388	0.011774
1661	-0.038388	0.011741
1662	-0.038394	0.011709
1663	-0.038386	0.011677
1664	-0.038389	0.011645
1665	-0.038387	0.011612
1666	-0.038382	0.011582
1667	-0.038387	0.011548
1668	-0.038386	0.011517
1669	-0.038387	0.011485
1670	-0.038386	0.011452
1671	-0.038386	0.011419
1672	-0.038386	0.011387
1673	-0.038387	0.011356
1674	-0.038386	0.011331
1675	-0.038386	0.011291
1676	-0.038386	0.011258
1677	-0.038388	0.011228
1678	-0.038383	0.011171
1679	-0.038386	0.011163
1680	-0.038386	0.011129
1681	-0.038387	0.011100
1682	-0.038392	0.011085
1683	-0.038387	0.011037
1684	-0.038386	0.011004
1685	-0.038387	0.010973
1686	-0.038381	0.010944
1687	-0.038387	0.010908
1688	-0.038387	0.010875
1689	-0.038387	0.010845
1690	-0.038390	0.010816
1691	-0.038387	0.010780
1692	-0.038388	0.010747
1693	-0.038386	0.010718
1694	-0.038373	0.010693
1695	-0.038386	0.010655
1696	-0.038386	0.010623
1697	-0.038387	0.010591
1698	-0.038380	0.010551
1699	-0.038386	0.010528
1700	-0.038386	0.010498
1701	-0.038386	0.010464
1702	-0.038390	0.010432
1703	-0.038387	0.010401
1704	-0.038388	0.010370
1705	-0.038387	0.010338
1706	-0.038386	0.010303
1707	-0.038387	0.010275
1708	-0.038386	0.010244
1709	-0.038386	0.010212
1710	-0.038381	0.010173
1711	-0.038387	0.010149
1712	-0.038386	0.010116
1713	-0.038386	0.010085
1714	-0.038403	0.010037
1715	-0.038385	0.010022
1716	-0.038387	0.009990
1717	-0.038385	0.009961
1718	-0.038381	0.009930
1719	-0.038386	0.009897
1720	-0.038385	0.009867
1721	-0.038385	0.009834
1722	-0.038380	0.009807
1723	-0.038385	0.009772
1724	-0.038386	0.009739
1725	-0.038386	0.009709
1726	-0.038388	0.009677
1727	-0.038386	0.009646
1728	-0.038388	0.009614
1729	-0.038384	0.009585
1730	-0.038387	0.009544
1731	-0.038386	0.009522
1732	-0.038387	0.009491
1733	-0.038386	0.009458
1734	-0.038390	0.009435
1735	-0.038385	0.009396
1736	-0.038386	0.009367
1737	-0.038384	0.009334
1738	-0.038386	0.009306
1739	-0.038386	0.009273
1740	-0.038387	0.009242
1741	-0.038386	0.009209
1742	-0.038327	0.009198
1743	-0.038385	0.009147
1744	-0.038384	0.009117
1745	-0.038385	0.009087
1746	-0.038390	0.009071
1747	-0.038385	0.009022
1748	-0.038386	0.008991
1749	-0.038385	0.008961
1750	-0.038369	0.008928
1751	-0.038385	0.008898
1752	-0.038386	0.008868
1753	-0.038385	0.008836
1754	-0.038386	0.008807
1755	-0.038385	0.008774
1756	-0.038385	0.008744
1757	-0.038386	0.008712
1758	-0.038376	0.008692
1759	-0.038384	0.008651
1760	-0.038384	0.008619
1761	-0.038384	0.008590
1762	-0.038385	0.008563
1763	-0.038385	0.008527
1764	-0.038385	0.008497
1765	-0.038385	0.008465
1766	-0.038386	0.008433
1767	-0.038384	0.008403
1768	-0.038386	0.008373
1769	-0.038386	0.008341
1770	-0.038381	0.008312
1771	-0.038385	0.008279
1772	-0.038385	0.008250
1773	-0.038385	0.008218
1774	-0.038389	0.008177
1775	-0.038385	0.008158
1776	-0.038384	0.008124
1777	-0.038384	0.008095
1778	-0.038351	0.008030
1779	-0.038386	0.008033
1780	-0.038384	0.008004
1781	-0.038384	0.007973
1782	-0.038386	0.007940
1783	-0.038385	0.007911
1784	-0.038386	0.007880
1785	-0.038384	0.007849
1786	-0.038384	0.007817
1787	-0.038384	0.007788
1788	-0.038384	0.007759
1789	-0.038384	0.007729
1790	-0.038390	0.007697
1791	-0.038384	0.007666
1792	-0.038384	0.007635
1793	-0.038384	0.007604
1794	-0.038390	0.007569
1795	-0.038385	0.007543
1796	-0.038382	0.007514
1797	-0.038384	0.007483
1798	-0.038377	0.007453
1799	-0.038385	0.007422
1800	-0.038383	0.007391
1801	-0.038384	0.007360
1802	-0.038381	0.007326
1803	-0.038384	0.007300
1804	-0.038382	0.007268
1805	-0.038384	0.007238
1806	-0.038375	0.007201
1807	-0.038385	0.007176
1808	-0.038385	0.007147
1809	-0.038386	0.007115
1810	-0.038388	0.007105
1811	-0.038383	0.007056
1812	-0.038384	0.007024
1813	-0.038384	0.006995
1814	-0.038390	0.006967
1815	-0.038384	0.006934
1816	-0.038382	0.006906
1817	-0.038384	0.006874
1818	-0.038389	0.006844
1819	-0.038383	0.006811
1820	-0.038386	0.006779
1821	-0.038384	0.006752
1822	-0.038386	0.006718
1823	-0.038384	0.006691
1824	-0.038384	0.006661
1825	-0.038383	0.006629
1826	-0.038384	0.006602
1827	-0.038385	0.006569
1828	-0.038383	0.006540
1829	-0.038383	0.006507
1830	-0.038380	0.006479
1831	-0.038383	0.006449
1832	-0.038383	0.006416
1833	-0.038383	0.006388
1834	-0.038385	0.006358
1835	-0.038384	0.006328
1836	-0.038384	0.006296
1837	-0.038384	0.006266
1838	-0.038383	0.006241
1839	-0.038384	0.006206
1840	-0.038382	0.006175
1841	-0.038383	0.006146
1842	-0.038371	0.006107
1843	-0.038384	0.006086
1844	-0.038384	0.006056
1845	-0.038383	0.006024
1846	-0.038377	0.006001
1847	-0.038384	0.005965
1848	-0.038383	0.005934
1849	-0.038384	0.005906
1850	-0.038385	0.005879
1851	-0.038384	0.005845
1852	-0.038382	0.005812
1853	-0.038383	0.005783
1854	-0.038383	0.005746
1855	-0.038384	0.005723
1856	-0.038385	0.005694
1857	-0.038383	0.005664
1858	-0.038377	0.005635
1859	-0.038385	0.005602
1860	-0.038384	0.005576
1861	-0.038383	0.005543
1862	-0.038381	0.005508
1863	-0.038384	0.005483
1864	-0.038385	0.005455
1865	-0.038384	0.005424
1866	-0.038389	0.005394
1867	-0.038383	0.005364
1868	-0.038383	0.005334
1869	-0.038382	0.005303
1870	-0.038382	0.005272
1871	-0.038383	0.005244
1872	-0.038383	0.005212
1873	-0.038383	0.005183
1874	-0.038385	0.005146
1875	-0.038383	0.005123
1876	-0.038384	0.005094
1877	-0.038383	0.005063
1878	-0.038376	0.005034
1879	-0.038383	0.005004
1880	-0.038382	0.004973
1881	-0.038383	0.004943
1882	-0.038385	0.004919
1883	-0.038383	0.004884
1884	-0.038383	0.004854
1885	-0.038383	0.004824
1886	-0.038384	0.004795
1887	-0.038383	0.004764
1888	-0.038382	0.004734
1889	-0.038383	0.004703
1890	-0.038386	0.004677
1891	-0.038382	0.004645
1892	-0.038382	0.004615
1893	-0.038383	0.004584
1894	-0.038391	0.004556
1895	-0.038383	0.004524
1896	-0.038384	0.004493
1897	-0.038382	0.004464
1898	-0.038388	0.004435
1899	-0.038381	0.004406
1900	-0.038382	0.004375
1901	-0.038383	0.004346
1902	-0.038384	0.004314
1903	-0.038383	0.004287
1904	-0.038382	0.004256
1905	-0.038383	0.004228
1906	-0.038383	0.004201
1907	-0.038383	0.004167
1908	-0.038380	0.004139
1909	-0.038382	0.004109
1910	-0.038382	0.004070
1911	-0.038383	0.004047
1912	-0.038382	0.004019
1913	-0.038382	0.003989
1914	-0.038382	0.003958
1915	-0.038383	0.003929
1916	-0.038383	0.003901
1917	-0.038383	0.003869
1918	-0.038381	0.003842
1919	-0.038382	0.003811
1920	-0.038383	0.003782
1921	-0.038383	0.003751
1922	-0.038384	0.003721
1923	-0.038383	0.003690
1924	-0.038382	0.003662
1925	-0.038383	0.003632
1926	-0.038377	0.003600
1927	-0.038381	0.003573
1928	-0.038385	0.003543
1929	-0.038383	0.003513
1930	-0.038378	0.003482
1931	-0.038382	0.003455
1932	-0.038383	0.003426
1933	-0.038383	0.003394
1934	-0.038381	0.003368
1935	-0.038383	0.003335
1936	-0.038382	0.003307
1937	-0.038382	0.003278
1938	-0.038382	0.003251
1939	-0.038382	0.003215
1940	-0.038383	0.003187
1941	-0.038381	0.003157
1942	-0.038379	0.003124
1943	-0.038381	0.003097
1944	-0.038383	0.003068
1945	-0.038383	0.003038
1946	-0.038379	0.003003
1947	-0.038382	0.002979
1948	-0.038381	0.002952
1949	-0.038383	0.002919
1950	-0.038391	0.002884
1951	-0.038381	0.002860
1952	-0.038385	0.002832
1953	-0.038383	0.002802
1954	-0.038374	0.002778
1955	-0.038382	0.002744
1956	-0.038380	0.002711
1957	-0.038382	0.002683
1958	-0.038394	0.002641
1959	-0.038381	0.002625
1960	-0.038382	0.002593
1961	-0.038382	0.002564
1962	-0.038389	0.002540
1963	-0.038383	0.002506
1964	-0.038381	0.002476
1965	-0.038382	0.002447
1966	-0.038388	0.002418
1967	-0.038383	0.002388
1968	-0.038382	0.002358
1969	-0.038382	0.002329
1970	-0.038385	0.002269
1971	-0.038382	0.002270
1972	-0.038382	0.002242
1973	-0.038382	0.002210
1974	-0.038384	0.002194
1975	-0.038382	0.002152
1976	-0.038382	0.002123
1977	-0.038383	0.002092
1978	-0.038381	0.002063
1979	-0.038382	0.002033
1980	-0.038382	0.002004
1981	-0.038381	0.001974
1982	-0.038385	0.001951
1983	-0.038381	0.001914
1984	-0.038382	0.001886
1985	-0.038382	0.001856
1986	-0.038382	0.001830
1987	-0.038382	0.001797
1988	-0.038385	0.001767
1989	-0.038383	0.001738
1990	-0.038380	0.001708
1991	-0.038383	0.001680
1992	-0.038382	0.001649
1993	-0.038382	0.001621
1994	-0.038380	0.001589
1995	-0.038382	0.001562
1996	-0.038383	0.001535
1997	-0.038382	0.001503
1998	-0.038509	0.001526
1999	-0.038384	0.001443
2000	-0.038383	0.001415
2001	-0.038382	0.001384
2002	-0.038385	0.001347
2003	-0.038382	0.001325
2004	-0.038385	0.001294
2005	-0.038382	0.001267
2006	-0.038383	0.001241
2007	-0.038381	0.001207
2008	-0.038382	0.001178
2009	-0.038382	0.001147
2010	-0.038379	0.001116
2011	-0.038382	0.001090
2012	-0.038382	0.001060
2013	-0.038383	0.001029
2014	-0.038391	0.001006
2015	-0.038382	0.000972
2016	-0.038384	0.000941
2017	-0.038382	0.000912
2018	-0.038379	0.000885
2019	-0.038382	0.000852
2020	-0.038382	0.000826
2021	-0.038383	0.000795
2022	-0.038386	0.000764
2023	-0.038382	0.000736
2024	-0.038383	0.000708
2025	-0.038383	0.000678
2026	-0.038385	0.000647
2027	-0.038383	0.000618
2028	-0.038382	0.000589
2029	-0.038382	0.000560
2030	-0.038381	0.000526
2031	-0.038382	0.000500
2032	-0.038382	0.000470
2033	-0.038381	0.000442
2034	-0.038380	0.000404
2035	-0.038382	0.000383
2036	-0.038382	0.000353
2037	-0.038383	0.000323
2038	-0.038376	0.000293
2039	-0.038382	0.000265
2040	-0.038382	0.000234
2041	-0.038383	0.000207
2042	-0.038387	0.000174
2043	-0.038382	0.000147
2044	-0.038380	0.000119
2045	-0.038382	0.000088
2046	-0.038385	0.000050
2047	-0.038383	0.000030
2048	-0.038384	0.000000
2049	-0.038383	-0.000030
2050	-0.038380	-0.000054
2051	-0.038382	-0.000088
2052	-0.038380	-0.000118
2053	-0.038382	-0.000147
2054	-0.038385	-0.000180
2055	-0.038383	-0.000207
2056	-0.038382	-0.000234
2057	-0.038382	-0.000264
2058	-0.038381	-0.000295
2059	-0.038382	-0.000323
2060	-0.038382	-0.000353
2061	-0.038382	-0.000383
2062	-0.038383	-0.000425
2063	-0.038381	-0.000442
2064	-0.038382	-0.000470
2065	-0.038382	-0.000500
2066	-0.038386	-0.000530
2067	-0.038382	-0.000560
2068	-0.038382	-0.000589
2069	-0.038383	-0.000618
2070	-0.038383	-0.000649
2071	-0.038383	-0.000678
2072	-0.038383	-0.000708
2073	-0.038382	-0.000737
2074	-0.038389	-0.000762
2075	-0.038383	-0.000795
2076	-0.038381	-0.000826
2077	-0.038382	-0.000852
2078	-0.038388	-0.000883
2079	-0.038382	-0.000912
2080	-0.038384	-0.000941
2081	-0.038382	-0.000972
2082	-0.038384	-0.001004
2083	-0.038383	-0.001029
2084	-0.038382	-0.001060
2085	-0.038382	-0.001090
2086	-0.038374	-0.001120
2087	-0.038382	-0.001147
2088	-0.038382	-0.001178
2089	-0.038381	-0.001207
2090	-0.038380	-0.001243
2091	-0.038382	-0.001267
2092	-0.038384	-0.001295
2093	-0.038382	-0.001325
2094	-0.038380	-0.001355
2095	-0.038382	-0.001385
2096	-0.038382	-0.001416
2097	-0.038383	-0.001443
2098	-0.038383	-0.001465
2099	-0.038383	-0.001503
2100	-0.038384	-0.001535
2101	-0.038382	-0.001562
2102	-0.038378	-0.001589
2103	-0.038382	-0.001621
2104	-0.038382	-0.001649
2105	-0.038383	-0.001680
2106	-0.038382	-0.001711
2107	-0.038383	-0.001738
2108	-0.038385	-0.001767
2109	-0.038382	-0.001797
2110	-0.038385	-0.001814
2111	-0.038382	-0.001856
2112	-0.038382	-0.001886
2113	-0.038381	-0.001914
2114	-0.038382	-0.001948
2115	-0.038382	-0.001974
2116	-0.038382	-0.002004
2117	-0.038382	-0.002033
2118	-0.038385	-0.002064
2119	-0.038383	-0.002091
2120	-0.038382	-0.002123
2121	-0.038382	-0.002152
2122	-0.038379	-0.002176
2123	-0.038382	-0.002210
2124	-0.038382	-0.002242
2125	-0.038382	-0.002270
2126	-0.038383	-0.002281
2127	-0.038381	-0.002329
2128	-0.038382	-0.002358
2129	-0.038383	-0.002388
2130	-0.038380	-0.002420
2131	-0.038382	-0.002447
2132	-0.038381	-0.002476
2133	-0.038383	-0.002506
2134	-0.038390	-0.002540
2135	-0.038382	-0.002564
2136	-0.038382	-0.002593
2137	-0.038381	-0.002625
2138	-0.038379	-0.002654
2139	-0.038382	-0.002683
2140	-0.038380	-0.002711
2141	-0.038382	-0.002744
2142	-0.038369	-0.002767
2143	-0.038383	-0.002802
2144	-0.038385	-0.002832
2145	-0.038381	-0.002860
2146	-0.038388	-0.002891
2147	-0.038383	-0.002919
2148	-0.038382	-0.002952
2149	-0.038382	-0.002979
2150	-0.038378	-0.003010
2151	-0.038383	-0.003038
2152	-0.038383	-0.003067
2153	-0.038381	-0.003097
2154	-0.038382	-0.003131
2155	-0.038381	-0.003157
2156	-0.038383	-0.003187
2157	-0.038382	-0.003215
2158	-0.038387	-0.003255
2159	-0.038382	-0.003277
2160	-0.038382	-0.003307
2161	-0.038383	-0.003335
2162	-0.038356	-0.003351
2163	-0.038383	-0.003394
2164	-0.038383	-0.003426
2165	-0.038382	-0.003454
2166	-0.038388	-0.003485
2167	-0.038384	-0.003513
2168	-0.038385	-0.003543
2169	-0.038381	-0.003573
2170	-0.038383	-0.003602
2171	-0.038383	-0.003632
2172	-0.038382	-0.003662
2173	-0.038383	-0.003690
2174	-0.038376	-0.003713
2175	-0.038383	-0.003751
2176	-0.038383	-0.003782
2177	-0.038382	-0.003811
2178	-0.038380	-0.003837
2179	-0.038383	-0.003869
2180	-0.038383	-0.003901
2181	-0.038383	-0.003929
2182	-0.038379	-0.003954
2183	-0.038382	-0.003989
2184	-0.038382	-0.004019
2185	-0.038383	-0.004047
2186	-0.038380	-0.004080
2187	-0.038382	-0.004109
2188	-0.038380	-0.004139
2189	-0.038382	-0.004167
2190	-0.038384	-0.004198
2191	-0.038383	-0.004228
2192	-0.038382	-0.004256
2193	-0.038383	-0.004287
2194	-0.038388	-0.004331
2195	-0.038383	-0.004346
2196	-0.038382	-0.004375
2197	-0.038381	-0.004406
2198	-0.038384	-0.004435
2199	-0.038382	-0.004464
2200	-0.038384	-0.004493
2201	-0.038383	-0.004524
2202	-0.038392	-0.004555
2203	-0.038383	-0.004584
2204	-0.038382	-0.004615
2205	-0.038382	-0.004645
2206	-0.038374	-0.004676
2207	-0.038383	-0.004704
2208	-0.038382	-0.004734
2209	-0.038383	-0.004763
2210	-0.038386	-0.004796
2211	-0.038383	-0.004824
2212	-0.038383	-0.004854
2213	-0.038383	-0.004884
2214	-0.038393	-0.004918
2215	-0.038383	-0.004943
2216	-0.038382	-0.004973
2217	-0.038383	-0.005004
2218	-0.038384	-0.005032
2219	-0.038382	-0.005063
2220	-0.038384	-0.005094
2221	-0.038383	-0.005123
2222	-0.038384	-0.005165
2223	-0.038383	-0.005183
2224	-0.038383	-0.005212
2225	-0.038382	-0.005243
2226	-0.038375	-0.005277
2227	-0.038383	-0.005303
2228	-0.038383	-0.005334
2229	-0.038383	-0.005364
2230	-0.038376	-0.005391
2231	-0.038384	-0.005424
2232	-0.038385	-0.005455
2233	-0.038384	-0.005483
2234	-0.038379	-0.005511
2235	-0.038383	-0.005543
2236	-0.038384	-0.005576
2237	-0.038385	-0.005602
2238	-0.038387	-0.005649
2239	-0.038383	-0.005664
2240	-0.038385	-0.005694
2241	-0.038384	-0.005723
2242	-0.038381	-0.005754
2243	-0.038383	-0.005783
2244	-0.038382	-0.005812
2245	-0.038384	-0.005845
2246	-0.038376	-0.005880
2247	-0.038383	-0.005906
2248	-0.038383	-0.005934
2249	-0.038384	-0.005965
2250	-0.038384	-0.005995
2251	-0.038383	-0.006024
2252	-0.038384	-0.006056
2253	-0.038385	-0.006086
2254	-0.038353	-0.006077
2255	-0.038383	-0.006146
2256	-0.038383	-0.006175
2257	-0.038384	-0.006206
2258	-0.038381	-0.006233
2259	-0.038384	-0.006266
2260	-0.038384	-0.006296
2261	-0.038384	-0.006328
2262	-0.038393	-0.006367
2263	-0.038383	-0.006388
2264	-0.038382	-0.006416
2265	-0.038383	-0.006449
2266	-0.038382	-0.006476
2267	-0.038383	-0.006507
2268	-0.038383	-0.006540
2269	-0.038385	-0.006569
2270	-0.038383	-0.006591
2271	-0.038383	-0.006629
2272	-0.038385	-0.006661
2273	-0.038384	-0.006691
2274	-0.038380	-0.006718
2275	-0.038384	-0.006752
2276	-0.038386	-0.006779
2277	-0.038383	-0.006811
2278	-0.038384	-0.006846
2279	-0.038385	-0.006874
2280	-0.038382	-0.006906
2281	-0.038384	-0.006934
2282	-0.038386	-0.006963
2283	-0.038384	-0.006995
2284	-0.038384	-0.007025
2285	-0.038383	-0.007056
2286	-0.038380	-0.007073
2287	-0.038386	-0.007115
2288	-0.038385	-0.007146
2289	-0.038385	-0.007176
2290	-0.038391	-0.007229
2291	-0.038384	-0.007238
2292	-0.038382	-0.007268
2293	-0.038384	-0.007300
2294	-0.038379	-0.007328
2295	-0.038384	-0.007360
2296	-0.038383	-0.007391
2297	-0.038385	-0.007422
2298	-0.038378	-0.007454
2299	-0.038384	-0.007482
2300	-0.038382	-0.007513
2301	-0.038385	-0.007543
2302	-0.038383	-0.007576
2303	-0.038384	-0.007604
2304	-0.038384	-0.007635
2305	-0.038384	-0.007666
2306	-0.038383	-0.007697
2307	-0.038384	-0.007729
2308	-0.038384	-0.007759
2309	-0.038384	-0.007788
2310	-0.038381	-0.007819
2311	-0.038384	-0.007849
2312	-0.038386	-0.007880
2313	-0.038385	-0.007911
2314	-0.038378	-0.007941
2315	-0.038384	-0.007973
2316	-0.038384	-0.008004
2317	-0.038386	-0.008033
2318	-0.038380	-0.008047
2319	-0.038384	-0.008095
2320	-0.038384	-0.008124
2321	-0.038385	-0.008158
2322	-0.038374	-0.008180
2323	-0.038385	-0.008218
2324	-0.038385	-0.008250
2325	-0.038385	-0.008279
2326	-0.038386	-0.008314
2327	-0.038385	-0.008341
2328	-0.038386	-0.008373
2329	-0.038384	-0.008403
2330	-0.038387	-0.008436
2331	-0.038385	-0.008465
2332	-0.038385	-0.008497
2333	-0.038384	-0.008527
2334	-0.038397	-0.008562
2335	-0.038385	-0.008590
2336	-0.038384	-0.008619
2337	-0.038384	-0.008651
2338	-0.038392	-0.008677
2339	-0.038386	-0.008712
2340	-0.038385	-0.008744
2341	-0.038385	-0.008774
2342	-0.038384	-0.008805
2343	-0.038385	-0.008837
2344	-0.038386	-0.008868
2345	-0.038385	-0.008898
2346	-0.038383	-0.008936
2347	-0.038384	-0.008962
2348	-0.038386	-0.008991
2349	-0.038384	-0.009022
2350	-0.038389	-0.009054
2351	-0.038385	-0.009087
2352	-0.038384	-0.009117
2353	-0.038385	-0.009147
2354	-0.038339	-0.009171
2355	-0.038386	-0.009209
2356	-0.038387	-0.009241
2357	-0.038386	-0.009273
2358	-0.038390	-0.009302
2359	-0.038384	-0.009333
2360	-0.038386	-0.009367
2361	-0.038385	-0.009396
2362	-0.038386	-0.009427
2363	-0.038386	-0.009458
2364	-0.038387	-0.009491
2365	-0.038386	-0.009522
2366	-0.038383	-0.009558
2367	-0.038384	-0.009585
2368	-0.038388	-0.009614
2369	-0.038386	-0.009646
2370	-0.038389	-0.009671
2371	-0.038386	-0.009709
2372	-0.038386	-0.009739
2373	-0.038386	-0.009772
2374	-0.038391	-0.009803
2375	-0.038386	-0.009834
2376	-0.038385	-0.009867
2377	-0.038387	-0.009896
2378	-0.038382	-0.009928
2379	-0.038385	-0.009961
2380	-0.038388	-0.009990
2381	-0.038385	-0.010022
2382	-0.038385	-0.010063
2383	-0.038387	-0.010085
2384	-0.038386	-0.010117
2385	-0.038387	-0.010150
2386	-0.038403	-0.010187
2387	-0.038386	-0.010212
2388	-0.038386	-0.010243
2389	-0.038387	-0.010275
2390	-0.038383	-0.010312
2391	-0.038387	-0.010338
2392	-0.038388	-0.010370
2393	-0.038387	-0.010401
2394	-0.038392	-0.010432
2395	-0.038386	-0.010464
2396	-0.038386	-0.010498
2397	-0.038386	-0.010528
2398	-0.038387	-0.010561
2399	-0.038387	-0.010591
2400	-0.038386	-0.010623
2401	-0.038386	-0.010655
2402	-0.038380	-0.010686
2403	-0.038386	-0.010719
2404	-0.038388	-0.010747
2405	-0.038387	-0.010780
2406	-0.038388	-0.010809
2407	-0.038387	-0.010845
2408	-0.038387	-0.010875
2409	-0.038387	-0.010908
2410	-0.038387	-0.010943
2411	-0.038387	-0.010973
2412	-0.038385	-0.011004
2413	-0.038387	-0.011037
2414	-0.038386	-0.011065
2415	-0.038387	-0.011100
2416	-0.038386	-0.011129
2417	-0.038386	-0.011163
2418	-0.038408	-0.011176
2419	-0.038388	-0.011228
2420	-0.038386	-0.011258
2421	-0.038386	-0.011291
2422	-0.038395	-0.011326
2423	-0.038387	-0.011356
2424	-0.038386	-0.011387
2425	-0.038386	-0.011419
2426	-0.038389	-0.011448
2427	-0.038387	-0.011485
2428	-0.038386	-0.011517
2429	-0.038387	-0.011548
2430	-0.038390	-0.011587
2431	-0.038387	-0.011612
2432	-0.038389	-0.011645
2433	-0.038386	-0.011677
2434	-0.038391	-0.011710
2435	-0.038388	-0.011741
2436	-0.038388	-0.011774
2437	-0.038388	-0.011806
2438	-0.038383	-0.011835
2439	-0.038387	-0.011869
2440	-0.038390	-0.011904
2441	-0.038388	-0.011935
2442	-0.038387	-0.011964
2443	-0.038387	-0.012000
2444	-0.038386	-0.012031
2445	-0.038388	-0.012065
2446	-0.038388	-0.012102
2447	-0.038387	-0.012128
2448	-0.038389	-0.012160
2449	-0.038387	-0.012194
2450	-0.038378	-0.012255
2451	-0.038388	-0.012258
2452	-0.038389	-0.012291
2453	-0.038389	-0.012322
2454	-0.038385	-0.012360
2455	-0.038388	-0.012388
2456	-0.038387	-0.012420
2457	-0.038387	-0.012452
2458	-0.038394	-0.012487
2459	-0.038388	-0.012519
2460	-0.038389	-0.012550
2461	-0.038388	-0.012583
2462	-0.038394	-0.012632
2463	-0.038388	-0.012649
2464	-0.038388	-0.012682
2465	-0.038389	-0.012713
2466	-0.038386	-0.012753
2467	-0.038389	-0.012781
2468	-0.038385	-0.012814
2469	-0.038389	-0.012845
2470	-0.038387	-0.012879
2471	-0.038390	-0.012911
2472	-0.038390	-0.012944
2473	-0.038388	-0.012976
2474	-0.038387	-0.013010
2475	-0.038388	-0.013042
2476	-0.038388	-0.013074
2477	-0.038389	-0.013109
2478	-0.038390	-0.013153
2479	-0.038390	-0.013173
2480	-0.038388	-0.013206
2481	-0.038389	-0.013239
2482	-0.038429	-0.013265
2483	-0.038388	-0.013307
2484	-0.038389	-0.013337
2485	-0.038389	-0.013371
2486	-0.038388	-0.013416
2487	-0.038387	-0.013439
2488	-0.038390	-0.013470
2489	-0.038388	-0.013504
2490	-0.038389	-0.013533
2491	-0.038389	-0.013570
2492	-0.038391	-0.013606
2493	-0.038389	-0.013637
2494	-0.038382	-0.013666
2495	-0.038389	-0.013703
2496	-0.038390	-0.013734
2497	-0.038389	-0.013768
2498	-0.038391	-0.013799
2499	-0.038389	-0.013837
2500	-0.038391	-0.013868
2501	-0.038388	-0.013903
2502	-0.038389	-0.013944
2503	-0.038389	-0.013969
2504	-0.038388	-0.014003
2505	-0.038390	-0.014036
2506	-0.038386	-0.014062
2507	-0.038390	-0.014101
2508	-0.038389	-0.014136
2509	-0.038390	-0.014171
2510	-0.038364	-0.014229
2511	-0.038390	-0.014237
2512	-0.038390	-0.014269
2513	-0.038390	-0.014303
2514	-0.038396	-0.014330
2515	-0.038390	-0.014370
2516	-0.038391	-0.014408
2517	-0.038390	-0.014439
2518	-0.038389	-0.014471
2519	-0.038391	-0.014506
2520	-0.038389	-0.014540
2521	-0.038390	-0.014573
2522	-0.038387	-0.014601
2523	-0.038390	-0.014640
2524	-0.038391	-0.014677
2525	-0.038391	-0.014709
2526	-0.038384	-0.014733
2527	-0.038390	-0.014776
2528	-0.038390	-0.014806
2529	-0.038390	-0.014843
2530	-0.038393	-0.014875
2531	-0.038390	-0.014910
2532	-0.038388	-0.014945
2533	-0.038391	-0.014978
2534	-0.038396	-0.015015
2535	-0.038390	-0.015046
2536	-0.038391	-0.015082
2537	-0.038390	-0.015115
2538	-0.038392	-0.015144
2539	-0.038392	-0.015182
2540	-0.038388	-0.015215
2541	-0.038391	-0.015250
2542	-0.038394	-0.015282
2543	-0.038392	-0.015318
2544	-0.038390	-0.015352
2545	-0.038392	-0.015387
2546	-0.038396	-0.015442
2547	-0.038392	-0.015455
2548	-0.038390	-0.015491
2549	-0.038392	-0.015525
2550	-0.038388	-0.015563
2551	-0.038393	-0.015592
2552	-0.038392	-0.015626
2553	-0.038392	-0.015662
2554	-0.038391	-0.015690
2555	-0.038393	-0.015731
2556	-0.038392	-0.015764
2557	-0.038392	-0.015800
2558	-0.038384	-0.015835
2559	-0.038392	-0.015868
2560	-0.038391	-0.015902
2561	-0.038393	-0.015937
2562	-0.038396	-0.015966
2563	-0.038392	-0.016006
2564	-0.038391	-0.016040
2565	-0.038393	-0.016076
2566	-0.038394	-0.016107
2567	-0.038393	-0.016144
2568	-0.038392	-0.016178
2569	-0.038391	-0.016214
2570	-0.038391	-0.016254
2571	-0.038392	-0.016283
2572	-0.038392	-0.016318
2573	-0.038393	-0.016353
2574	-0.038400	-0.016380
2575	-0.038392	-0.016422
2576	-0.038392	-0.016457
2577	-0.038393	-0.016493
2578	-0.038395	-0.016518
2579	-0.038392	-0.016561
2580	-0.038392	-0.016596
2581	-0.038393	-0.016633
2582	-0.038394	-0.016665
2583	-0.038393	-0.016702
2584	-0.038394	-0.016737
2585	-0.038394	-0.016772
2586	-0.038392	-0.016810
2587	-0.038393	-0.016842
2588	-0.038393	-0.016878
2589	-0.038393	-0.016913
2590	-0.038390	-0.016937
2591	-0.038393	-0.016983
2592	-0.038394	-0.017015
2593	-0.038393	-0.017054
2594	-0.038391	-0.017089
2595	-0.038393	-0.017125
2596	-0.038394	-0.017161
2597	-0.038394	-0.017195
2598	-0.038393	-0.017229
2599	-0.038395	-0.017266
2600	-0.038394	-0.017303
2601	-0.038395	-0.017336
2602	-0.038390	-0.017375
2603	-0.038394	-0.017408
2604	-0.038395	-0.017444
2605	-0.038393	-0.017480
2606	-0.038401	-0.017526
2607	-0.038394	-0.017550
2608	-0.038395	-0.017587
2609	-0.038394	-0.017621
2610	-0.038382	-0.017687
2611	-0.038394	-0.017692
2612	-0.038396	-0.017728
2613	-0.038394	-0.017765
2614	-0.038396	-0.017794
2615	-0.038395	-0.017837
2616	-0.038394	-0.017872
2617	-0.038395	-0.017908
2618	-0.038391	-0.017941
2619	-0.038394	-0.017980
2620	-0.038396	-0.018018
2621	-0.038394	-0.018051
2622	-0.038392	-0.018101
2623	-0.038395	-0.018124
2624	-0.038395	-0.018158
2625	-0.038395	-0.018196
2626	-0.038397	-0.018232
2627	-0.038395	-0.018267
2628	-0.038395	-0.018305
2629	-0.038397	-0.018340
2630	-0.038388	-0.018373
2631	-0.038395	-0.018413
2632	-0.038397	-0.018447
2633	-0.038396	-0.018486
2634	-0.038388	-0.018524
2635	-0.038395	-0.018557
2636	-0.038395	-0.018591
2637	-0.038395	-0.018630
2638	-0.038429	-0.018670
2639	-0.038396	-0.018704
2640	-0.038395	-0.018739
2641	-0.038396	-0.018777
2642	-0.038397	-0.018814
2643	-0.038396	-0.018850
2644	-0.038398	-0.018886
2645	-0.038396	-0.018922
2646	-0.038399	-0.018965
2647	-0.038397	-0.018995
2648	-0.038396	-0.019032
2649	-0.038397	-0.019069
2650	-0.038393	-0.019108
2651	-0.038395	-0.019142
2652	-0.038397	-0.019181
2653	-0.038395	-0.019217
2654	-0.038401	-0.019269
2655	-0.038395	-0.019290
2656	-0.038396	-0.019327
2657	-0.038396	-0.019364
2658	-0.038393	-0.019404
2659	-0.038396	-0.019437
2660	-0.038397	-0.019474
2661	-0.038396	-0.019513
2662	-0.038393	-0.019543
2663	-0.038398	-0.019586
2664	-0.038399	-0.019624
2665	-0.038396	-0.019661
2666	-0.038396	-0.019702
2667	-0.038396	-0.019735
2668	-0.038399	-0.019772
2669	-0.038397	-0.019809
2670	-0.038407	-0.019856
2671	-0.038395	-0.019885
2672	-0.038396	-0.019921
2673	-0.038397	-0.019960
2674	-0.038387	-0.020000
2675	-0.038397	-0.020035
2676	-0.038396	-0.020072
2677	-0.038397	-0.020108
2678	-0.038393	-0.020135
2679	-0.038398	-0.020184
2680	-0.038397	-0.020222
2681	-0.038397	-0.020260
2682	-0.038391	-0.020294
2683	-0.038398	-0.020335
2684	-0.038393	-0.020375
2685	-0.038398	-0.020410
2686	-0.038399	-0.020447
2687	-0.038399	-0.020486
2688	-0.038399	-0.020526
2689	-0.038398	-0.020563
2690	-0.038399	-0.020603
2691	-0.038398	-0.020639
2692	-0.038398	-0.020676
2693	-0.038398	-0.020714
2694	-0.038403	-0.020756
2695	-0.038400	-0.020791
2696	-0.038398	-0.020829
2697	-0.038399	-0.020867
2698	-0.038404	-0.020907
2699	-0.038398	-0.020943
2700	-0.038398	-0.020981
2701	-0.038399	-0.021019
2702	-0.038402	-0.021059
2703	-0.038400	-0.021096
2704	-0.038399	-0.021136
2705	-0.038399	-0.021173
2706	-0.038395	-0.021204
2707	-0.038400	-0.021250
2708	-0.038400	-0.021287
2709	-0.038400	-0.021326
2710	-0.038398	-0.021365
2711	-0.038399	-0.021404
2712	-0.038399	-0.021446
2713	-0.038399	-0.021481
2714	-0.038402	-0.021520
2715	-0.038400	-0.021559
2716	-0.038399	-0.021599
2717	-0.038399	-0.021636
2718	-0.038398	-0.021674
2719	-0.038400	-0.021715
2720	-0.038402	-0.021752
2721	-0.038401	-0.021792
2722	-0.038401	-0.021827
2723	-0.038401	-0.021871
2724	-0.038400	-0.021910
2725	-0.038401	-0.021948
2726	-0.038399	-0.021991
2727	-0.038400	-0.022026
2728	-0.038401	-0.022068
2729	-0.038399	-0.022104
2730	-0.038405	-0.022144
2731	-0.038401	-0.022183
2732	-0.038402	-0.022223
2733	-0.038401	-0.022263
2734	-0.038410	-0.022308
2735	-0.038402	-0.022342
2736	-0.038400	-0.022381
2737	-0.038401	-0.022420
2738	-0.038408	-0.022435
2739	-0.038402	-0.022500
2740	-0.038403	-0.022539
2741	-0.038402	-0.022579
2742	-0.038407	-0.022621
2743	-0.038402	-0.022658
2744	-0.038403	-0.022697
2745	-0.038402	-0.022738
2746	-0.038400	-0.022776
2747	-0.038402	-0.022819
2748	-0.038400	-0.022858
2749	-0.038402	-0.022897
2750	-0.038406	-0.022931
2751	-0.038402	-0.022977
2752	-0.038400	-0.023017
2753	-0.038403	-0.023057
2754	-0.038404	-0.023097
2755	-0.038403	-0.023137
2756	-0.038402	-0.023179
2757	-0.038403	-0.023219
2758	-0.038405	-0.023266
2759	-0.038403	-0.023300
2760	-0.038403	-0.023341
2761	-0.038404	-0.023379
2762	-0.038408	-0.023422
2763	-0.038402	-0.023461
2764	-0.038403	-0.023502
2765	-0.038402	-0.023543
2766	-0.038484	-0.023523
2767	-0.038404	-0.023622
2768	-0.038403	-0.023662
2769	-0.038405	-0.023705
2770	-0.038408	-0.023752
2771	-0.038405	-0.023785
2772	-0.038405	-0.023830
2773	-0.038405	-0.023868
2774	-0.038411	-0.023909
2775	-0.038404	-0.023949
2776	-0.038405	-0.023992
2777	-0.038405	-0.024031
2778	-0.038406	-0.024074
2779	-0.038404	-0.024113
2780	-0.038407	-0.024157
2781	-0.038405	-0.024196
2782	-0.038402	-0.024232
2783	-0.038405	-0.024278
2784	-0.038406	-0.024321
2785	-0.038404	-0.024361
2786	-0.038408	-0.024404
2787	-0.038405	-0.024444
2788	-0.038404	-0.024485
2789	-0.038406	-0.024526
2790	-0.038400	-0.024567
2791	-0.038405	-0.024609
2792	-0.038405	-0.024652
2793	-0.038407	-0.024693
2794	-0.038406	-0.024735
2795	-0.038406	-0.024776
2796	-0.038408	-0.024818
2797	-0.038406	-0.024860
2798	-0.038418	-0.024906
2799	-0.038406	-0.024943
2800	-0.038407	-0.024983
2801	-0.038407	-0.025027
2802	-0.038409	-0.025075
2803	-0.038407	-0.025113
2804	-0.038406	-0.025152
2805	-0.038406	-0.025196
2806	-0.038414	-0.025232
2807	-0.038407	-0.025282
2808	-0.038404	-0.025323
2809	-0.038406	-0.025365
2810	-0.038410	-0.025411
2811	-0.038406	-0.025451
2812	-0.038407	-0.025492
2813	-0.038409	-0.025535
2814	-0.038408	-0.025588
2815	-0.038406	-0.025620
2816	-0.038407	-0.025660
2817	-0.038408	-0.025706
2818	-0.038405	-0.025749
2819	-0.038407	-0.025790
2820	-0.038406	-0.025832
2821	-0.038407	-0.025877
2822	-0.038407	-0.025933
2823	-0.038408	-0.025962
2824	-0.038408	-0.026006
2825	-0.038408	-0.026048
2826	-0.038407	-0.026089
2827	-0.038409	-0.026135
2828	-0.038408	-0.026177
2829	-0.038407	-0.026221
2830	-0.038414	-0.026250
2831	-0.038410	-0.026308
2832	-0.038407	-0.026353
2833	-0.038408	-0.026395
2834	-0.038403	-0.026437
2835	-0.038409	-0.026481
2836	-0.038410	-0.026524
2837	-0.038409	-0.026568
2838	-0.038401	-0.026617
2839	-0.038410	-0.026656
2840	-0.038411	-0.026701
2841	-0.038410	-0.026744
2842	-0.038412	-0.026793
2843	-0.038411	-0.026832
2844	-0.038409	-0.026877
2845	-0.038409	-0.026920
2846	-0.038427	-0.026983
2847	-0.038410	-0.027006
2848	-0.038411	-0.027050
2849	-0.038410	-0.027095
2850	-0.038416	-0.027139
2851	-0.038412	-0.027184
2852	-0.038412	-0.027228
2853	-0.038409	-0.027272
2854	-0.038418	-0.027311
2855	-0.038411	-0.027362
2856	-0.038411	-0.027406
2857	-0.038411	-0.027451
2858	-0.038413	-0.027490
2859	-0.038412	-0.027540
2860	-0.038410	-0.027584
2861	-0.038412	-0.027629
2862	-0.038407	-0.027689
2863	-0.038413	-0.027719
2864	-0.038411	-0.027764
2865	-0.038411	-0.027808
2866	-0.038407	-0.027838
2867	-0.038413	-0.027900
2868	-0.038411	-0.027948
2869	-0.038411	-0.027989
2870	-0.038396	-0.028037
2871	-0.038412	-0.028079
2872	-0.038412	-0.028127
2873	-0.038413	-0.028169
2874	-0.038410	-0.028221
2875	-0.038414	-0.028261
2876	-0.038411	-0.028305
2877	-0.038412	-0.028352
2878	-0.038404	-0.028415
2879	-0.038413	-0.028444
2880	-0.038415	-0.028489
2881	-0.038414	-0.028534
2882	-0.038415	-0.028579
2883	-0.038414	-0.028626
2884	-0.038414	-0.028668
2885	-0.038413	-0.028718
2886	-0.038418	-0.028760
2887	-0.038414	-0.028810
2888	-0.038415	-0.028856
2889	-0.038414	-0.028903
2890	-0.038412	-0.028944
2891	-0.038415	-0.028996
2892	-0.038414	-0.029042
2893	-0.038415	-0.029088
2894	-0.038384	-0.029121
2895	-0.038414	-0.029181
2896	-0.038414	-0.029228
2897	-0.038415	-0.029275
2898	-0.038432	-0.029320
2899	-0.038415	-0.029368
2900	-0.038415	-0.029414
2901	-0.038415	-0.029461
2902	-0.038406	-0.029507
2903	-0.038415	-0.029555
2904	-0.038416	-0.029603
2905	-0.038417	-0.029649
2906	-0.038417	-0.029700
2907	-0.038415	-0.029744
2908	-0.038419	-0.029791
2909	-0.038416	-0.029839
2910	-0.038415	-0.029888
2911	-0.038418	-0.029933
2912	-0.038416	-0.029980
2913	-0.038417	-0.030027
2914	-0.038417	-0.030075
2915	-0.038417	-0.030124
2916	-0.038417	-0.030171
2917	-0.038417	-0.030219
2918	-0.038417	-0.030263
2919	-0.038418	-0.030315
2920	-0.038417	-0.030364
2921	-0.038418	-0.030410
2922	-0.038418	-0.030462
2923	-0.038417	-0.030507
2924	-0.038418	-0.030554
2925	-0.038418	-0.030604
2926	-0.038415	-0.030662
2927	-0.038418	-0.030700
2928	-0.038418	-0.030748
2929	-0.038419	-0.030797
2930	-0.038470	-0.030862
2931	-0.038418	-0.030893
2932	-0.038420	-0.030942
2933	-0.038419	-0.030990
2934	-0.038418	-0.031038
2935	-0.038420	-0.031089
2936	-0.038417	-0.031139
2937	-0.038420	-0.031186
2938	-0.038419	-0.031234
2939	-0.038419	-0.031284
2940	-0.038417	-0.031334
2941	-0.038419	-0.031382
2942	-0.038425	-0.031430
2943	-0.038419	-0.031480
2944	-0.038420	-0.031531
2945	-0.038421	-0.031580
2946	-0.038422	-0.031632
2947	-0.038421	-0.031679
2948	-0.038420	-0.031729
2949	-0.038421	-0.031779
2950	-0.038411	-0.031826
2951	-0.038420	-0.031879
2952	-0.038423	-0.031927
2953	-0.038422	-0.031978
2954	-0.038415	-0.032027
2955	-0.038422	-0.032078
2956	-0.038422	-0.032128
2957	-0.038422	-0.032179
2958	-0.038408	-0.032235
2959	-0.038421	-0.032279
2960	-0.038421	-0.032329
2961	-0.038422	-0.032380
2962	-0.038412	-0.032447
2963	-0.038422	-0.032481
2964	-0.038421	-0.032531
2965	-0.038424	-0.032582
2966	-0.038423	-0.032640
2967	-0.038423	-0.032683
2968	-0.038423	-0.032731
2969	-0.038424	-0.032787
2970	-0.038427	-0.032838
2971	-0.038423	-0.032888
2972	-0.038424	-0.032938
2973	-0.038423	-0.032990
2974	-0.038433	-0.033048
2975	-0.038423	-0.033094
2976	-0.038426	-0.033147
2977	-0.038424	-0.033197
2978	-0.038419	-0.033250
2979	-0.038426	-0.033299
2980	-0.038426	-0.033352
2981	-0.038424	-0.033403
2982	-0.038426	-0.033454
2983	-0.038425	-0.033508
2984	-0.038426	-0.033559
2985	-0.038425	-0.033612
2986	-0.038422	-0.033668
2987	-0.038425	-0.033717
2988	-0.038426	-0.033768
2989	-0.038426	-0.033821
2990	-0.038429	-0.033870
2991	-0.038425	-0.033925
2992	-0.038428	-0.033978
2993	-0.038425	-0.034031
2994	-0.038410	-0.034090
2995	-0.038427	-0.034136
2996	-0.038426	-0.034188
2997	-0.038427	-0.034242
2998	-0.038432	-0.034288
2999	-0.038428	-0.034349
3000	-0.038428	-0.034405
3001	-0.038428	-0.034455
3002	-0.038422	-0.034512
3003	-0.038428	-0.034561
3004	-0.038428	-0.034614
3005	-0.038428	-0.034668
3006	-0.038423	-0.034718
3007	-0.038429	-0.034775
3008	-0.038428	-0.034831
3009	-0.038429	-0.034884
3010	-0.038434	-0.034933
3011	-0.038428	-0.034991
3012	-0.038433	-0.035047
3013	-0.038428	-0.035100
3014	-0.038425	-0.035150
3015	-0.038430	-0.035209
3016	-0.038431	-0.035262
3017	-0.038430	-0.035316
3018	-0.038430	-0.035373
3019	-0.038431	-0.035426
3020	-0.038429	-0.035481
3021	-0.038430	-0.035536
3022	-0.038509	-0.035599
3023	-0.038432	-0.035645
3024	-0.038430	-0.035700
3025	-0.038431	-0.035755
3026	-0.038433	-0.035802
3027	-0.038431	-0.035867
3028	-0.038434	-0.035918
3029	-0.038432	-0.035978
3030	-0.038431	-0.036031
3031	-0.038432	-0.036088
3032	-0.038434	-0.036141
3033	-0.038432	-0.036199
3034	-0.038434	-0.036251
3035	-0.038432	-0.036310
3036	-0.038435	-0.036368
3037	-0.038433	-0.036424
3038	-0.038438	-0.036479
3039	-0.038433	-0.036535
3040	-0.038433	-0.036588
3041	-0.038434	-0.036648
3042	-0.038426	-0.036709
3043	-0.038435	-0.036761
3044	-0.038434	-0.036818
3045	-0.038435	-0.036874
3046	-0.038434	-0.036925
3047	-0.038434	-0.036988
3048	-0.038435	-0.037046
3049	-0.038436	-0.037102
3050	-0.038437	-0.037155
3051	-0.038436	-0.037216
3052	-0.038433	-0.037275
3053	-0.038436	-0.037332
3054	-0.038429	-0.037388
3055	-0.038436	-0.037447
3056	-0.038438	-0.037504
3057	-0.038436	-0.037562
3058	-0.038428	-0.037629
3059	-0.038437	-0.037677
3060	-0.038437	-0.037734
3061	-0.038436	-0.037793
3062	-0.038440	-0.037850
3063	-0.038437	-0.037910
3064	-0.038439	-0.037967
3065	-0.038438	-0.038027
3066	-0.038436	-0.038085
3067	-0.038438	-0.038144
3068	-0.038437	-0.038203
3069	-0.038438	-0.038260
3070	-0.038432	-0.038320
3071	-0.038439	-0.038379
3072	-0.038438	-0.038436
3073	-0.038440	-0.038499
3074	-0.038435	-0.038556
3075	-0.038439	-0.038616
3076	-0.038440	-0.038675
3077	-0.038439	-0.038736
3078	-0.038439	-0.038795
3079	-0.038440	-0.038856
3080	-0.038439	-0.038913
3081	-0.038441	-0.038975
3082	-0.038439	-0.039033
3083	-0.038440	-0.039094
3084	-0.038440	-0.039156
3085	-0.038442	-0.039216
3086	-0.038440	-0.039279
3087	-0.038442	-0.039335
3088	-0.038441	-0.039398
3089	-0.038442	-0.039457
3090	-0.038429	-0.039522
3091	-0.038442	-0.039580
3092	-0.038441	-0.039640
3093	-0.038442	-0.039700
3094	-0.038445	-0.039761
3095	-0.038442	-0.039824
3096	-0.038446	-0.039885
3097	-0.038443	-0.039946
3098	-0.038440	-0.040012
3099	-0.038444	-0.040069
3100	-0.038441	-0.040129
3101	-0.038443	-0.040194
3102	-0.038441	-0.040256
3103	-0.038444	-0.040318
3104	-0.038444	-0.040379
3105	-0.038445	-0.040441
3106	-0.038451	-0.040506
3107	-0.038446	-0.040565
3108	-0.038446	-0.040629
3109	-0.038446	-0.040692
3110	-0.038448	-0.040754
3111	-0.038446	-0.040817
3112	-0.038444	-0.040879
3113	-0.038446	-0.040943
3114	-0.038449	-0.041013
3115	-0.038447	-0.041070
3116	-0.038447	-0.041134
3117	-0.038447	-0.041198
3118	-0.038454	-0.041258
3119	-0.038447	-0.041323
3120	-0.038450	-0.041389
3121	-0.038448	-0.041453
3122	-0.038465	-0.041489
3123	-0.038448	-0.041582
3124	-0.038449	-0.041645
3125	-0.038448	-0.041710
3126	-0.038444	-0.041773
3127	-0.038450	-0.041837
3128	-0.038449	-0.041905
3129	-0.038450	-0.041966
3130	-0.038455	-0.042030
3131	-0.038450	-0.042098
3132	-0.038449	-0.042164
3133	-0.038450	-0.042228
3134	-0.038450	-0.042293
3135	-0.038450	-0.042359
3136	-0.038450	-0.042421
3137	-0.038450	-0.042489
3138	-0.038449	-0.042550
3139	-0.038452	-0.042622
3140	-0.038453	-0.042690
3141	-0.038453	-0.042754
3142	-0.038457	-0.042824
3143	-0.038452	-0.042886
3144	-0.038451	-0.042952
3145	-0.038452	-0.043019
3146	-0.038447	-0.043091
3147	-0.038454	-0.043154
3148	-0.038454	-0.043218
3149	-0.038454	-0.043287
3150	-0.038423	-0.043381
3151	-0.038455	-0.043421
3152	-0.038455	-0.043489
3153	-0.038454	-0.043556
3154	-0.038463	-0.043633
3155	-0.038455	-0.043691
3156	-0.038454	-0.043760
3157	-0.038456	-0.043827
3158	-0.038454	-0.043888
3159	-0.038456	-0.043964
3160	-0.038457	-0.044034
3161	-0.038458	-0.044101
3162	-0.038455	-0.044171
3163	-0.038457	-0.044238
3164	-0.038457	-0.044308
3165	-0.038457	-0.044376
3166	-0.038467	-0.044440
3167	-0.038458	-0.044514
3168	-0.038458	-0.044585
3169	-0.038458	-0.044654
3170	-0.038468	-0.044719
3171	-0.038457	-0.044793
3172	-0.038459	-0.044865
3173	-0.038459	-0.044932
3174	-0.038465	-0.045009
3175	-0.038461	-0.045072
3176	-0.038460	-0.045142
3177	-0.038461	-0.045213
3178	-0.038462	-0.045287
3179	-0.038462	-0.045354
3180	-0.038461	-0.045426
3181	-0.038462	-0.045497
3182	-0.038454	-0.045575
3183	-0.038462	-0.045639
3184	-0.038461	-0.045712
3185	-0.038463	-0.045781
3186	-0.038468	-0.045843
3187	-0.038463	-0.045926
3188	-0.038464	-0.045998
3189	-0.038464	-0.046071
3190	-0.038468	-0.046142
3191	-0.038465	-0.046214
3192	-0.038465	-0.046289
3193	-0.038465	-0.046361
3194	-0.038465	-0.046436
3195	-0.038465	-0.046505
3196	-0.038465	-0.046576
3197	-0.038466	-0.046651
3198	-0.038474	-0.046720
3199	-0.038465	-0.046797
3200	-0.038469	-0.046873
3201	-0.038468	-0.046945
3202	-0.038461	-0.047015
3203	-0.038467	-0.047094
3204	-0.038468	-0.047168
3205	-0.038467	-0.047242
3206	-0.038462	-0.047320
3207	-0.038468	-0.047391
3208	-0.038469	-0.047466
3209	-0.038467	-0.047539
3210	-0.038467	-0.047610
3211	-0.038469	-0.047690
3212	-0.038468	-0.047764
3213	-0.038471	-0.047840
3214	-0.038463	-0.047918
3215	-0.038470	-0.047992
3216	-0.038473	-0.048068
3217	-0.038471	-0.048143
3218	-0.038458	-0.048212
3219	-0.038472	-0.048296
3220	-0.038470	-0.048371
3221	-0.038472	-0.048449
3222	-0.038475	-0.048524
3223	-0.038474	-0.048602
3224	-0.038474	-0.048679
3225	-0.038473	-0.048756
3226	-0.038477	-0.048831
3227	-0.038474	-0.048912
3228	-0.038471	-0.048989
3229	-0.038475	-0.049067
3230	-0.038461	-0.049151
3231	-0.038475	-0.049222
3232	-0.038476	-0.049302
3233	-0.038476	-0.049380
3234	-0.038472	-0.049462
3235	-0.038476	-0.049536
3236	-0.038475	-0.049616
3237	-0.038476	-0.049695
3238	-0.038480	-0.049773
3239	-0.038478	-0.049853
3240	-0.038478	-0.049934
3241	-0.038477	-0.050013
3242	-0.038474	-0.050085
3243	-0.038478	-0.050173
3244	-0.038480	-0.050254
3245	-0.038480	-0.050333
3246	-0.038482	-0.050416
3247	-0.038480	-0.050495
3248	-0.038480	-0.050574
3249	-0.038480	-0.050657
3250	-0.038457	-0.050743
3251	-0.038481	-0.050818
3252	-0.038480	-0.050900
3253	-0.038481	-0.050982
3254	-0.038479	-0.051056
3255	-0.038484	-0.051147
3256	-0.038482	-0.051228
3257	-0.038483	-0.051310
3258	-0.038486	-0.051391
3259	-0.038484	-0.051476
3260	-0.038483	-0.051556
3261	-0.038484	-0.051641
3262	-0.038491	-0.051716
3263	-0.038485	-0.051808
3264	-0.038483	-0.051890
3265	-0.038486	-0.051974
3266	-0.038481	-0.052063
3267	-0.038487	-0.052143
3268	-0.038487	-0.052228
3269	-0.038487	-0.052312
3270	-0.038492	-0.052392
3271	-0.038488	-0.052481
3272	-0.038486	-0.052565
3273	-0.038488	-0.052652
3274	-0.038491	-0.052736
3275	-0.038489	-0.052823
3276	-0.038490	-0.052910
3277	-0.038491	-0.052994
3278	-0.038494	-0.053116
3279	-0.038489	-0.053165
3280	-0.038491	-0.053253
3281	-0.038489	-0.053339
3282	-0.038494	-0.053414
3283	-0.038492	-0.053513
3284	-0.038492	-0.053598
3285	-0.038492	-0.053687
3286	-0.038492	-0.053780
3287	-0.038493	-0.053862
3288	-0.038492	-0.053949
3289	-0.038494	-0.054038
3290	-0.038494	-0.054136
3291	-0.038495	-0.054215
3292	-0.038494	-0.054300
3293	-0.038495	-0.054393
3294	-0.038496	-0.054474
3295	-0.038496	-0.054572
3296	-0.038496	-0.054662
3297	-0.038496	-0.054750
3298	-0.038494	-0.054844
3299	-0.038498	-0.054931
3300	-0.038498	-0.055020
3301	-0.038500	-0.055110
3302	-0.038499	-0.055203
3303	-0.038498	-0.055292
3304	-0.038497	-0.055386
3305	-0.038500	-0.055476
3306	-0.038497	-0.055565
3307	-0.038501	-0.055658
3308	-0.038500	-0.055749
3309	-0.038502	-0.055842
3310	-0.038494	-0.055936
3311	-0.038503	-0.056029
3312	-0.038502	-0.056122
3313	-0.038503	-0.056214
3314	-0.038498	-0.056317
3315	-0.038505	-0.056398
3316	-0.038501	-0.056493
3317	-0.038505	-0.056586
3318	-0.038510	-0.056673
3319	-0.038505	-0.056775
3320	-0.038506	-0.056867
3321	-0.038506	-0.056964
3322	-0.038511	-0.057062
3323	-0.038507	-0.057155
3324	-0.038506	-0.057251
3325	-0.038508	-0.057345
3326	-0.038506	-0.057453
3327	-0.038508	-0.057537
3328	-0.038509	-0.057633
3329	-0.038509	-0.057730
3330	-0.038509	-0.057822
3331	-0.038510	-0.057924
3332	-0.038509	-0.058019
3333	-0.038512	-0.058118
3334	-0.038509	-0.058218
3335	-0.038513	-0.058314
3336	-0.038513	-0.058413
3337	-0.038514	-0.058509
3338	-0.038517	-0.058609
3339	-0.038514	-0.058706
3340	-0.038516	-0.058805
3341	-0.038515	-0.058904
3342	-0.038509	-0.058991
3343	-0.038514	-0.059103
3344	-0.038517	-0.059203
3345	-0.038516	-0.059304
3346	-0.038509	-0.059406
3347	-0.038517	-0.059504
3348	-0.038519	-0.059605
3349	-0.038519	-0.059707
3350	-0.038526	-0.059810
3351	-0.038519	-0.059909
3352	-0.038522	-0.060010
3353	-0.038520	-0.060115
3354	-0.038520	-0.060214
3355	-0.038520	-0.060319
3356	-0.038523	-0.060421
3357	-0.038522	-0.060525
3358	-0.038522	-0.060635
3359	-0.038522	-0.060731
3360	-0.038524	-0.060836
3361	-0.038524	-0.060941
3362	-0.038515	-0.061046
3363	-0.038525	-0.061148
3364	-0.038527	-0.061254
3365	-0.038526	-0.061359
3366	-0.038530	-0.061461
3367	-0.038528	-0.061570
3368	-0.038531	-0.061675
3369	-0.038528	-0.061781
3370	-0.038530	-0.061889
3371	-0.038530	-0.061995
3372	-0.038530	-0.062101
3373	-0.038530	-0.062208
3374	-0.038542	-0.062314
3375	-0.038531	-0.062425
3376	-0.038530	-0.062531
3377	-0.038532	-0.062642
3378	-0.038516	-0.062755
3379	-0.038532	-0.062859
3380	-0.038533	-0.062967
3381	-0.038535	-0.063078
3382	-0.038541	-0.063191
3383	-0.038534	-0.063297
3384	-0.038537	-0.063409
3385	-0.038536	-0.063518
3386	-0.038539	-0.063632
3387	-0.038537	-0.063741
3388	-0.038539	-0.063851
3389	-0.038539	-0.063963
3390	-0.038537	-0.064072
3391	-0.038540	-0.064188
3392	-0.038540	-0.064301
3393	-0.038542	-0.064413
3394	-0.038537	-0.064522
3395	-0.038541	-0.064640
3396	-0.038542	-0.064753
3397	-0.038542	-0.064867
3398	-0.038544	-0.064980
3399	-0.038543	-0.065097
3400	-0.038545	-0.065210
3401	-0.038543	-0.065327
3402	-0.038551	-0.065444
3403	-0.038545	-0.065559
3404	-0.038549	-0.065675
3405	-0.038548	-0.065792
3406	-0.038559	-0.065902
3407	-0.038548	-0.066025
3408	-0.038550	-0.066142
3409	-0.038550	-0.066261
3410	-0.038544	-0.066378
3411	-0.038551	-0.066496
3412	-0.038553	-0.066616
3413	-0.038553	-0.066735
3414	-0.038556	-0.066854
3415	-0.038553	-0.066973
3416	-0.038554	-0.067093
3417	-0.038555	-0.067215
3418	-0.038552	-0.067339
3419	-0.038556	-0.067456
3420	-0.038557	-0.067578
3421	-0.038557	-0.067698
3422	-0.038547	-0.067821
3423	-0.038558	-0.067944
3424	-0.038560	-0.068066
3425	-0.038561	-0.068188
3426	-0.038563	-0.068306
3427	-0.038562	-0.068436
3428	-0.038563	-0.068561
3429	-0.038563	-0.068686
3430	-0.038563	-0.068806
3431	-0.038563	-0.068934
3432	-0.038562	-0.069061
3433	-0.038565	-0.069185
3434	-0.038566	-0.069316
3435	-0.038566	-0.069439
3436	-0.038569	-0.069564
3437	-0.038568	-0.069692
3438	-0.038553	-0.069798
3439	-0.038569	-0.069946
3440	-0.038568	-0.070078
3441	-0.038570	-0.070207
3442	-0.038549	-0.070297
3443	-0.038572	-0.070464
3444	-0.038572	-0.070593
3445	-0.038573	-0.070723
3446	-0.038587	-0.070876
3447	-0.038575	-0.070985
3448	-0.038575	-0.071118
3449	-0.038576	-0.071247
3450	-0.038579	-0.071377
3451	-0.038578	-0.071513
3452	-0.038579	-0.071645
3453	-0.038579	-0.071778
3454	-0.038584	-0.071899
3455	-0.038580	-0.072045
3456	-0.038581	-0.072179
3457	-0.038582	-0.072314
3458	-0.038572	-0.072442
3459	-0.038583	-0.072585
3460	-0.038583	-0.072722
3461	-0.038584	-0.072857
3462	-0.038576	-0.073018
3463	-0.038585	-0.073132
3464	-0.038587	-0.073269
3465	-0.038587	-0.073407
3466	-0.038590	-0.073546
3467	-0.038588	-0.073684
3468	-0.038589	-0.073824
3469	-0.038591	-0.073963
3470	-0.038614	-0.074093
3471	-0.038593	-0.074243
3472	-0.038596	-0.074384
3473	-0.038594	-0.074526
3474	-0.038581	-0.074666
3475	-0.038596	-0.074808
3476	-0.038598	-0.074954
3477	-0.038597	-0.075095
3478	-0.038600	-0.075238
3479	-0.038598	-0.075382
3480	-0.038599	-0.075526
3481	-0.038600	-0.075671
3482	-0.038604	-0.075822
3483	-0.038604	-0.075962
3484	-0.038604	-0.076107
3485	-0.038605	-0.076256
3486	-0.038599	-0.076405
3487	-0.038605	-0.076550
3488	-0.038606	-0.076698
3489	-0.038607	-0.076846
3490	-0.038605	-0.076992
3491	-0.038610	-0.077145
3492	-0.038610	-0.077294
3493	-0.038610	-0.077445
3494	-0.038612	-0.077596
3495	-0.038613	-0.077746
3496	-0.038612	-0.077898
3497	-0.038615	-0.078051
3498	-0.038617	-0.078201
3499	-0.038617	-0.078356
3500	-0.038616	-0.078509
3501	-0.038618	-0.078665
3502	-0.038607	-0.078812
3503	-0.038621	-0.078973
3504	-0.038621	-0.079130
3505	-0.038622	-0.079285
3506	-0.038621	-0.079432
3507	-0.038624	-0.079599
3508	-0.038625	-0.079760
3509	-0.038627	-0.079915
3510	-0.038625	-0.080071
3511	-0.038628	-0.080233
3512	-0.038628	-0.080394
3513	-0.038628	-0.080553
3514	-0.038631	-0.080712
3515	-0.038631	-0.080878
3516	-0.038635	-0.081041
3517	-0.038634	-0.081200
3518	-0.038647	-0.081351
3519	-0.038636	-0.081525
3520	-0.038635	-0.081691
3521	-0.038638	-0.081854
3522	-0.038639	-0.082022
3523	-0.038640	-0.082185
3524	-0.038641	-0.082352
3525	-0.038641	-0.082519
3526	-0.038638	-0.082686
3527	-0.038643	-0.082853
3528	-0.038646	-0.083019
3529	-0.038646	-0.083189
3530	-0.038638	-0.083356
3531	-0.038648	-0.083530
3532	-0.038653	-0.083699
3533	-0.038652	-0.083873
3534	-0.038639	-0.084129
3535	-0.038652	-0.084218
3536	-0.038654	-0.084392
3537	-0.038655	-0.084564
3538	-0.038663	-0.084735
3539	-0.038656	-0.084914
3540	-0.038657	-0.085087
3541	-0.038659	-0.085262
3542	-0.038658	-0.085437
3543	-0.038662	-0.085618
3544	-0.038663	-0.085796
3545	-0.038664	-0.085975
3546	-0.038663	-0.086143
3547	-0.038667	-0.086333
3548	-0.038668	-0.086516
3549	-0.038669	-0.086695
3550	-0.038673	-0.086873
3551	-0.038671	-0.087059
3552	-0.038671	-0.087243
3553	-0.038674	-0.087426
3554	-0.038669	-0.087607
3555	-0.038676	-0.087796
3556	-0.038677	-0.087983
3557	-0.038677	-0.088168
3558	-0.038687	-0.088355
3559	-0.038681	-0.088542
3560	-0.038684	-0.088730
3561	-0.038683	-0.088918
3562	-0.038688	-0.089109
3563	-0.038686	-0.089299
3564	-0.038685	-0.089490
3565	-0.038688	-0.089683
3566	-0.038693	-0.089882
3567	-0.038691	-0.090068
3568	-0.038692	-0.090263
3569	-0.038694	-0.090456
3570	-0.038719	-0.090625
3571	-0.038696	-0.090849
3572	-0.038697	-0.091046
3573	-0.038700	-0.091242
3574	-0.038695	-0.091438
3575	-0.038701	-0.091640
3576	-0.038703	-0.091838
3577	-0.038705	-0.092039
3578	-0.038706	-0.092244
3579	-0.038709	-0.092444
3580	-0.038708	-0.092645
3581	-0.038710	-0.092850
3582	-0.038698	-0.093052
3583	-0.038713	-0.093260
3584	-0.038714	-0.093467
3585	-0.038715	-0.093672
3586	-0.038719	-0.093876
3587	-0.038720	-0.094087
3588	-0.038721	-0.094295
3589	-0.038721	-0.094506
3590	-0.038720	-0.094716
3591	-0.038724	-0.094929
3592	-0.038725	-0.095142
3593	-0.038728	-0.095354
3594	-0.038731	-0.095571
3595	-0.038731	-0.095782
3596	-0.038734	-0.095998
3597	-0.038733	-0.096215
3598	-0.038730	-0.096418
3599	-0.038737	-0.096650
3600	-0.038740	-0.096870
3601	-0.038741	-0.097090
3602	-0.038744	-0.097296
3603	-0.038745	-0.097533
3604	-0.038748	-0.097754
3605	-0.038746	-0.097978
3606	-0.038758	-0.098203
3607	-0.038751	-0.098428
3608	-0.038752	-0.098651
3609	-0.038753	-0.098880
3610	-0.038759	-0.099108
3611	-0.038757	-0.099338
3612	-0.038763	-0.099566
3613	-0.038760	-0.099798
3614	-0.038771	-0.100038
3615	-0.038764	-0.100263
3616	-0.038766	-0.100496
3617	-0.038768	-0.100730
3618	-0.038774	-0.100967
3619	-0.038771	-0.101203
3620	-0.038775	-0.101439
3621	-0.038775	-0.101680
3622	-0.038781	-0.101920
3623	-0.038779	-0.102160
3624	-0.038781	-0.102401
3625	-0.038783	-0.102643
3626	-0.038789	-0.102888
3627	-0.038787	-0.103132
3628	-0.038788	-0.103382
3629	-0.038789	-0.103625
3630	-0.038796	-0.103881
3631	-0.038794	-0.104120
3632	-0.038796	-0.104371
3633	-0.038796	-0.104621
3634	-0.038799	-0.104815
3635	-0.038803	-0.105125
3636	-0.038804	-0.105380
3637	-0.038806	-0.105635
3638	-0.038803	-0.105894
3639	-0.038810	-0.106149
3640	-0.038814	-0.106407
3641	-0.038814	-0.106669
3642	-0.038817	-0.106930
3643	-0.038819	-0.107191
3644	-0.038818	-0.107454
3645	-0.038823	-0.107719
3646	-0.038830	-0.107980
3647	-0.038827	-0.108252
3648	-0.038827	-0.108519
3649	-0.038830	-0.108789
3650	-0.038838	-0.109060
3651	-0.038835	-0.109330
3652	-0.038837	-0.109604
3653	-0.038840	-0.109876
3654	-0.038840	-0.110150
3655	-0.038845	-0.110429
3656	-0.038845	-0.110707
3657	-0.038849	-0.110986
3658	-0.038851	-0.111263
3659	-0.038854	-0.111546
3660	-0.038853	-0.111830
3661	-0.038859	-0.112115
3662	-0.038865	-0.112411
3663	-0.038863	-0.112687
3664	-0.038868	-0.112974
3665	-0.038870	-0.113264
3666	-0.038886	-0.113560
3667	-0.038873	-0.113847
3668	-0.038877	-0.114139
3669	-0.038878	-0.114436
3670	-0.038871	-0.114731
3671	-0.038883	-0.115029
3672	-0.038885	-0.115327
3673	-0.038888	-0.115629
3674	-0.038889	-0.115938
3675	-0.038894	-0.116234
3676	-0.038899	-0.116541
3677	-0.038899	-0.116846
3678	-0.038905	-0.117152
3679	-0.038905	-0.117463
3680	-0.038908	-0.117776
3681	-0.038909	-0.118086
3682	-0.038918	-0.118401
3683	-0.038915	-0.118716
3684	-0.038918	-0.119033
3685	-0.038922	-0.119350
3686	-0.038928	-0.119672
3687	-0.038927	-0.119992
3688	-0.038931	-0.120317
3689	-0.038934	-0.120640
3690	-0.038939	-0.120972
3691	-0.038938	-0.121296
3692	-0.038942	-0.121623
3693	-0.038944	-0.121957
3694	-0.038954	-0.122285
3695	-0.038950	-0.122624
3696	-0.038953	-0.122963
3697	-0.038957	-0.123299
3698	-0.038966	-0.123616
3699	-0.038962	-0.123981
3700	-0.038964	-0.124323
3701	-0.038970	-0.124670
3702	-0.038980	-0.125028
3703	-0.038975	-0.125365
3704	-0.038979	-0.125715
3705	-0.038983	-0.126068
3706	-0.038979	-0.126422
3707	-0.038989	-0.126777
3708	-0.038991	-0.127138
3709	-0.038997	-0.127496
3710	-0.038987	-0.127857
3711	-0.039004	-0.128221
3712	-0.039004	-0.128589
3713	-0.039012	-0.128955
3714	-0.039007	-0.129318
3715	-0.039017	-0.129696
3716	-0.039020	-0.130069
3717	-0.039023	-0.130445
3718	-0.039020	-0.130828
3719	-0.039033	-0.131202
3720	-0.039034	-0.131583
3721	-0.039039	-0.131968
3722	-0.039042	-0.132353
3723	-0.039047	-0.132741
3724	-0.039052	-0.133131
3725	-0.039053	-0.133523
3726	-0.039057	-0.133917
3727	-0.039062	-0.134315
3728	-0.039065	-0.134713
3729	-0.039070	-0.135114
3730	-0.039065	-0.135520
3731	-0.039079	-0.135924
3732	-0.039080	-0.136332
3733	-0.039088	-0.136743
3734	-0.039089	-0.137174
3735	-0.039094	-0.137571
3736	-0.039097	-0.137987
3737	-0.039103	-0.138407
3738	-0.039109	-0.138826
3739	-0.039112	-0.139255
3740	-0.039116	-0.139681
3741	-0.039121	-0.140111
3742	-0.039105	-0.140529
3743	-0.039129	-0.140978
3744	-0.039134	-0.141416
3745	-0.039139	-0.141855
3746	-0.039148	-0.142311
3747	-0.039148	-0.142743
3748	-0.039153	-0.143188
3749	-0.039159	-0.143639
3750	-0.039170	-0.144063
3751	-0.039169	-0.144549
3752	-0.039171	-0.145008
3753	-0.039178	-0.145470
3754	-0.039173	-0.145949
3755	-0.039187	-0.146400
3756	-0.039193	-0.146868
3757	-0.039198	-0.147342
3758	-0.039221	-0.147813
3759	-0.039208	-0.148297
3760	-0.039214	-0.148779
3761	-0.039220	-0.149263
3762	-0.039223	-0.149738
3763	-0.039230	-0.150243
3764	-0.039234	-0.150736
3765	-0.039240	-0.151232
3766	-0.039252	-0.151744
3767	-0.039252	-0.152236
3768	-0.039258	-0.152742
3769	-0.039264	-0.153251
3770	-0.039274	-0.153761
3771	-0.039275	-0.154281
3772	-0.039280	-0.154800
3773	-0.039287	-0.155324
3774	-0.039290	-0.155845
3775	-0.039299	-0.156380
3776	-0.039305	-0.156913
3777	-0.039311	-0.157451
3778	-0.039306	-0.157997
3779	-0.039324	-0.158534
3780	-0.039329	-0.159081
3781	-0.039336	-0.159634
3782	-0.039357	-0.160188
3783	-0.039350	-0.160747
3784	-0.039355	-0.161310
3785	-0.039363	-0.161877
3786	-0.039368	-0.162445
3787	-0.039376	-0.163022
3788	-0.039380	-0.163597
3789	-0.039390	-0.164183
3790	-0.039401	-0.164822
3791	-0.039405	-0.165359
3792	-0.039415	-0.165953
3793	-0.039420	-0.166552
3794	-0.039426	-0.167153
3795	-0.039433	-0.167762
3796	-0.039443	-0.168375
3797	-0.039449	-0.168990
3798	-0.039464	-0.169614
3799	-0.039464	-0.170233
3800	-0.039475	-0.170866
3801	-0.039479	-0.171496
3802	-0.039484	-0.172130
3803	-0.039496	-0.172778
3804	-0.039503	-0.173425
3805	-0.039512	-0.174079
3806	-0.039530	-0.174739
3807	-0.039529	-0.175398
3808	-0.039538	-0.176064
3809	-0.039546	-0.176738
3810	-0.039552	-0.177412
3811	-0.039564	-0.178097
3812	-0.039571	-0.178785
3813	-0.039580	-0.179478
3814	-0.039581	-0.180178
3815	-0.039601	-0.180879
3816	-0.039609	-0.181589
3817	-0.039617	-0.182304
3818	-0.039632	-0.183024
3819	-0.039636	-0.183749
3820	-0.039647	-0.184480
3821	-0.039657	-0.185216
3822	-0.039672	-0.185964
3823	-0.039676	-0.186709
3824	-0.039686	-0.187462
3825	-0.039697	-0.188224
3826	-0.039697	-0.188955
3827	-0.039717	-0.189765
3828	-0.039728	-0.190542
3829	-0.039739	-0.191330
3830	-0.039753	-0.192128
3831	-0.039761	-0.192922
3832	-0.039773	-0.193728
3833	-0.039783	-0.194540
3834	-0.039784	-0.195355
3835	-0.039808	-0.196184
3836	-0.039817	-0.197020
3837	-0.039830	-0.197857
3838	-0.039837	-0.198700
3839	-0.039853	-0.199558
3840	-0.039867	-0.200420
3841	-0.039880	-0.201290
3842	-0.039881	-0.202169
3843	-0.039905	-0.203051
3844	-0.039919	-0.203944
3845	-0.039930	-0.204843
3846	-0.039939	-0.205741
3847	-0.039956	-0.206667
3848	-0.039972	-0.207593
3849	-0.039983	-0.208525
3850	-0.039995	-0.209466
3851	-0.040011	-0.210416
3852	-0.040027	-0.211373
3853	-0.040041	-0.212341
3854	-0.040067	-0.213311
3855	-0.040071	-0.214303
3856	-0.040088	-0.215297
3857	-0.040101	-0.216301
3858	-0.040126	-0.217329
3859	-0.040133	-0.218338
3860	-0.040147	-0.219368
3861	-0.040163	-0.220412
3862	-0.040179	-0.221463
3863	-0.040197	-0.222527
3864	-0.040212	-0.223603
3865	-0.040230	-0.224685
3866	-0.040247	-0.225773
3867	-0.040265	-0.226884
3868	-0.040281	-0.227998
3869	-0.040301	-0.229127
3870	-0.040328	-0.230271
3871	-0.040337	-0.231416
3872	-0.040357	-0.232581
3873	-0.040375	-0.233753
3874	-0.040394	-0.234934
3875	-0.040414	-0.236137
3876	-0.040433	-0.237346
3877	-0.040454	-0.238571
3878	-0.040479	-0.239819
3879	-0.040496	-0.241057
3880	-0.040518	-0.242321
3881	-0.040540	-0.243597
3882	-0.040554	-0.244889
3883	-0.040582	-0.246192
3884	-0.040605	-0.247510
3885	-0.040627	-0.248844
3886	-0.040660	-0.250191
3887	-0.040673	-0.251555
3888	-0.040697	-0.252935
3889	-0.040722	-0.254326
3890	-0.040737	-0.255749
3891	-0.040772	-0.257163
3892	-0.040797	-0.258606
3893	-0.040821	-0.260065
3894	-0.040829	-0.261539
3895	-0.040875	-0.263035
3896	-0.040901	-0.264545
3897	-0.040929	-0.266075
3898	-0.040960	-0.267597
3899	-0.040986	-0.269189
3900	-0.041016	-0.270775
3901	-0.041045	-0.272380
3902	-0.041098	-0.273984
3903	-0.041106	-0.275648
3904	-0.041136	-0.277313
3905	-0.041167	-0.278999
3906	-0.041208	-0.280713
3907	-0.041232	-0.282437
3908	-0.041268	-0.284190
3909	-0.041299	-0.285963
3910	-0.041337	-0.287763
3911	-0.041367	-0.289582
3912	-0.041404	-0.291428
3913	-0.041440	-0.293298
3914	-0.041490	-0.295189
3915	-0.041514	-0.297114
3916	-0.041553	-0.299063
3917	-0.041592	-0.301035
3918	-0.041633	-0.303067
3919	-0.041673	-0.305067
3920	-0.041714	-0.307127
3921	-0.041756	-0.309215
3922	-0.041793	-0.311320
3923	-0.041841	-0.313481
3924	-0.041886	-0.315659
3925	-0.041932	-0.317871
3926	-0.041978	-0.320120
3927	-0.042026	-0.322394
3928	-0.042073	-0.324709
3929	-0.042123	-0.327055
3930	-0.042174	-0.329441
3931	-0.042224	-0.331861
3932	-0.042279	-0.334320
3933	-0.042330	-0.336815
3934	-0.042390	-0.339360
3935	-0.042440	-0.341934
3936	-0.042500	-0.344554
3937	-0.042555	-0.347217
3938	-0.042617	-0.349926
3939	-0.042675	-0.352677
3940	-0.042737	-0.355476
3941	-0.042801	-0.358321
3942	-0.042877	-0.361219
3943	-0.042932	-0.364164
3944	-0.042999	-0.367160
3945	-0.043069	-0.370212
3946	-0.043149	-0.373317
3947	-0.043214	-0.376479
3948	-0.043288	-0.379699
3949	-0.043365	-0.382979
3950	-0.043442	-0.386325
3951	-0.043523	-0.389722
3952	-0.043606	-0.393191
3953	-0.043690	-0.396727
3954	-0.043771	-0.400310
3955	-0.043864	-0.404007
3956	-0.043952	-0.407758
3957	-0.044048	-0.411583
3958	-0.044140	-0.415489
3959	-0.044242	-0.419473
3960	-0.044342	-0.423541
3961	-0.044444	-0.427694
3962	-0.044554	-0.431944
3963	-0.044660	-0.436275
3964	-0.044774	-0.440705
3965	-0.044888	-0.445238
3966	-0.045007	-0.449874
3967	-0.045129	-0.454611
3968	-0.045253	-0.459461
3969	-0.045382	-0.464425
3970	-0.045518	-0.469505
3971	-0.045653	-0.474713
3972	-0.045796	-0.480045
3973	-0.045941	-0.485512
3974	-0.046097	-0.491119
3975	-0.046246	-0.496864
3976	-0.046407	-0.502763
3977	-0.046571	-0.508816
3978	-0.046745	-0.515032
3979	-0.046919	-0.521419
3980	-0.047100	-0.527980
3981	-0.047288	-0.534729
3982	-0.047488	-0.541685
3983	-0.047686	-0.548815
3984	-0.047896	-0.556168
3985	-0.048112	-0.563745
3986	-0.048335	-0.571558
3987	-0.048571	-0.579605
3988	-0.048815	-0.587915
3989	-0.049065	-0.596492
3990	-0.049338	-0.605351
3991	-0.049596	-0.614510
3992	-0.049880	-0.623984
3993	-0.050176	-0.633786
3994	-0.050504	-0.643950
3995	-0.050802	-0.654464
3996	-0.051137	-0.665376
3997	-0.051484	-0.676709
3998	-0.051853	-0.688516
3999	-0.052231	-0.700717
4000	-0.052627	-0.713453
4001	-0.053048	-0.726721
4002	-0.053464	-0.740564
4003	-0.053947	-0.754987
4004	-0.054431	-0.770072
4005	-0.054942	-0.785843
4006	-0.055469	-0.802368
4007	-0.056042	-0.819684
4008	-0.056637	-0.837863
4009	-0.057272	-0.856977
4010	-0.057938	-0.877099
4011	-0.058650	-0.898311
4012	-0.059403	-0.920712
4013	-0.060205	-0.944406
4014	-0.061049	-0.969537
4015	-0.061973	-0.996176
4016	-0.062946	-1.024537
4017	-0.063994	-1.054780
4018	-0.065114	-1.087072
4019	-0.066327	-1.121723
4020	-0.067634	-1.158917
4021	-0.069051	-1.198986
4022	-0.070591	-1.242302
4023	-0.072264	-1.289247
4024	-0.074098	-1.340351
4025	-0.076111	-1.396194
4026	-0.078329	-1.457481
4027	-0.080791	-1.525071
4028	-0.083531	-1.600010
4029	-0.086599	-1.683591
4030	-0.090063	-1.777489
4031	-0.093990	-1.883582
4032	-0.098488	-2.004670
4033	-0.103694	-2.144146
4034	-0.109782	-2.306610
4035	-0.116981	-2.498297
4036	-0.125642	-2.728014
4037	-0.136244	-3.008430
4038	-0.149522	-3.358610
4039	-0.166617	-3.808356
4040	-0.189452	-4.407687
4041	-0.221475	-5.246498
4042	-0.269600	-6.504942
4043	-0.349996	-8.604198
4044	-0.511371	-12.813360
4045	-0.999667	-25.540133
4046	78.501282	2045.741699
4047	0.918734	24.431152
4048	0.448009	12.161961
4049	0.289898	8.037301
4050	0.210656	5.967360
4051	0.163074	4.722192
4052	0.131360	3.890288
4053	0.108721	3.294795
4054	0.091771	2.847215
4055	0.078599	2.498170
4056	0.068090	2.218219
4057	0.059510	1.988489
4058	0.052386	1.796422
4059	0.046374	1.633301
4060	0.041242	1.492923
4061	0.036815	1.370722
4062	0.032963	1.263320
4063	0.029576	1.167968
4064	0.026588	1.082754
4065	0.023933	1.006025
4066	0.021551	0.936498
4067	0.019430	0.873118
4068	0.017512	0.815036
4069	0.015778	0.761544
4070	0.014210	0.712069
4071	0.012780	0.666062
4072	0.011478	0.623151
4073	0.010291	0.582962
4074	0.009210	0.545186
4075	0.008214	0.509543
4076	0.007305	0.475812
4077	0.006474	0.443788
4078	0.005711	0.413324
4079	0.005014	0.384157
4080	0.004375	0.356244
4081	0.003795	0.329435
4082	0.003270	0.303671
4083	0.002783	0.278658
4084	0.002347	0.254495
4085	0.001953	0.231035
4086	0.001598	0.208209
4087	0.001289	0.185906
4088	0.001012	0.164096
4089	0.000771	0.142707
4090	0.000569	0.121679
4091	0.000392	0.100946
4092	0.000252	0.080466
4093	0.000143	0.060179
4094	0.000063	0.040051
4095	0.000019	0.019996
