0	0.000006	0.000000
1	0.000019	-0.019997
2	0.000062	-0.040027
3	0.000143	-0.060179
4	0.000252	-0.080466
5	0.000392	-0.100946
6	0.000565	-0.121675
7	0.000771	-0.142707
8	0.001012	-0.164097
9	0.001289	-0.185906
10	0.001605	-0.208191
11	0.001953	-0.231034
12	0.002347	-0.254496
13	0.002783	-0.278658
14	0.003268	-0.303608
15	0.003794	-0.329435
16	0.004377	-0.356247
17	0.005014	-0.384156
18	0.005714	-0.413284
19	0.006473	-0.443789
20	0.007305	-0.475813
21	0.008213	-0.509542
22	0.009207	-0.545176
23	0.010290	-0.582962
24	0.011479	-0.623152
25	0.012779	-0.666063
26	0.014206	-0.712049
27	0.015778	-0.761545
28	0.017511	-0.815038
29	0.019430	-0.873119
30	0.021578	-0.936472
31	0.023933	-1.006026
32	0.026589	-1.082753
33	0.029575	-1.167968
34	0.032960	-1.263268
35	0.036814	-1.370723
36	0.041241	-1.492924
37	0.046373	-1.633302
38	0.052383	-1.796406
39	0.059509	-1.988490
40	0.068087	-2.218219
41	0.078598	-2.498170
42	0.091762	-2.847157
43	0.108720	-3.294796
44	0.131356	-3.890289
45	0.163072	-4.722192
46	0.210657	-5.967286
47	0.289895	-8.037302
48	0.448006	-12.161963
49	0.918724	-24.431156
50	78.500427	-2045.741943
51	-0.999657	25.540133
52	-0.511365	12.813360
53	-0.349993	8.604198
54	-0.269600	6.504887
55	-0.221473	5.246498
56	-0.189450	4.407688
57	-0.166616	3.808355
58	-0.149518	3.358561
59	-0.136243	3.008430
60	-0.125640	2.728015
61	-0.116979	2.498297
62	-0.109775	2.306625
63	-0.103693	2.144146
64	-0.098489	2.004671
65	-0.093989	1.883581
66	-0.090055	1.777433
67	-0.086598	1.683591
68	-0.083530	1.600010
69	-0.080791	1.525070
70	-0.078334	1.457480
71	-0.076111	1.396194
72	-0.074097	1.340351
73	-0.072264	1.289246
74	-0.070591	1.242285
75	-0.069050	1.198986
76	-0.067634	1.158915
77	-0.066327	1.121722
78	-0.065122	1.087133
79	-0.063993	1.054780
80	-0.062946	1.024538
81	-0.061972	0.996176
82	-0.061065	0.969508
83	-0.060205	0.944406
84	-0.059402	0.920710
85	-0.058650	0.898311
86	-0.057940	0.877098
87	-0.057272	0.856977
88	-0.056638	0.837864
89	-0.056042	0.819683
90	-0.055478	0.802370
91	-0.054942	0.785843
92	-0.054429	0.770070
93	-0.053945	0.754988
94	-0.053545	0.740574
95	-0.053049	0.726721
96	-0.052629	0.713454
97	-0.052230	0.700718
98	-0.051846	0.688442
99	-0.051484	0.676709
100	-0.051136	0.665379
101	-0.050802	0.654464
102	-0.050461	0.643929
103	-0.050175	0.633786
104	-0.049880	0.623985
105	-0.049596	0.614510
106	-0.049312	0.605362
107	-0.049064	0.596492
108	-0.048814	0.587915
109	-0.048570	0.579605
110	-0.048357	0.571527
111	-0.048112	0.563744
112	-0.047897	0.556169
113	-0.047686	0.548815
114	-0.047452	0.541617
115	-0.047288	0.534730
116	-0.047100	0.527981
117	-0.046919	0.521420
118	-0.046738	0.515034
119	-0.046571	0.508816
120	-0.046407	0.502762
121	-0.046246	0.496865
122	-0.046086	0.491120
123	-0.045941	0.485512
124	-0.045795	0.480045
125	-0.045654	0.474713
126	-0.045505	0.469496
127	-0.045382	0.464425
128	-0.045253	0.459462
129	-0.045129	0.454611
130	-0.044996	0.449874
131	-0.044888	0.445238
132	-0.044772	0.440706
133	-0.044660	0.436275
134	-0.044546	0.431936
135	-0.044444	0.427694
136	-0.044342	0.423540
137	-0.044242	0.419473
138	-0.044139	0.415486
139	-0.044048	0.411583
140	-0.043954	0.407757
141	-0.043863	0.404007
142	-0.043776	0.400336
143	-0.043690	0.396727
144	-0.043605	0.393193
145	-0.043523	0.389722
146	-0.043440	0.386321
147	-0.043365	0.382979
148	-0.043289	0.379699
149	-0.043214	0.376479
150	-0.043137	0.373319
151	-0.043069	0.370212
152	-0.043000	0.367160
153	-0.042932	0.364164
154	-0.042863	0.361216
155	-0.042800	0.358321
156	-0.042737	0.355475
157	-0.042675	0.352677
158	-0.042629	0.349914
159	-0.042555	0.347217
160	-0.042498	0.344554
161	-0.042440	0.341934
162	-0.042378	0.339359
163	-0.042330	0.336815
164	-0.042276	0.334319
165	-0.042224	0.331861
166	-0.042172	0.329439
167	-0.042123	0.327055
168	-0.042074	0.324708
169	-0.042026	0.322393
170	-0.041977	0.320115
171	-0.041932	0.317871
172	-0.041886	0.315659
173	-0.041841	0.313481
174	-0.041802	0.311322
175	-0.041756	0.309214
176	-0.041714	0.307126
177	-0.041672	0.305066
178	-0.041627	0.303024
179	-0.041592	0.301036
180	-0.041553	0.299063
181	-0.041513	0.297115
182	-0.041468	0.295197
183	-0.041440	0.293298
184	-0.041405	0.291428
185	-0.041367	0.289582
186	-0.041329	0.287760
187	-0.041299	0.285963
188	-0.041265	0.284189
189	-0.041232	0.282437
190	-0.041207	0.280692
191	-0.041167	0.278999
192	-0.041136	0.277312
193	-0.041105	0.275648
194	-0.041045	0.274013
195	-0.041046	0.272380
196	-0.041016	0.270775
197	-0.040986	0.269190
198	-0.040952	0.267649
199	-0.040930	0.266074
200	-0.040902	0.264546
201	-0.040876	0.263035
202	-0.040867	0.261546
203	-0.040821	0.260064
204	-0.040797	0.258604
205	-0.040773	0.257162
206	-0.040741	0.255814
207	-0.040722	0.254327
208	-0.040698	0.252933
209	-0.040673	0.251555
210	-0.040658	0.250187
211	-0.040626	0.248844
212	-0.040604	0.247510
213	-0.040582	0.246192
214	-0.040568	0.244890
215	-0.040540	0.243597
216	-0.040518	0.242322
217	-0.040495	0.241058
218	-0.040473	0.239807
219	-0.040454	0.238571
220	-0.040434	0.237348
221	-0.040414	0.236137
222	-0.040372	0.234926
223	-0.040375	0.233752
224	-0.040356	0.232580
225	-0.040337	0.231416
226	-0.040325	0.230266
227	-0.040301	0.229127
228	-0.040282	0.228000
229	-0.040265	0.226884
230	-0.040241	0.225781
231	-0.040229	0.224684
232	-0.040214	0.223602
233	-0.040197	0.222527
234	-0.040181	0.221458
235	-0.040163	0.220412
236	-0.040148	0.219369
237	-0.040132	0.218338
238	-0.040121	0.217317
239	-0.040101	0.216301
240	-0.040085	0.215297
241	-0.040071	0.214302
242	-0.040048	0.213338
243	-0.040040	0.212342
244	-0.040025	0.211374
245	-0.040011	0.210415
246	-0.039997	0.209463
247	-0.039983	0.208525
248	-0.039970	0.207592
249	-0.039956	0.206667
250	-0.039958	0.205774
251	-0.039931	0.204843
252	-0.039918	0.203943
253	-0.039905	0.203051
254	-0.039873	0.202159
255	-0.039879	0.201290
256	-0.039866	0.200421
257	-0.039853	0.199558
258	-0.039836	0.198704
259	-0.039830	0.197857
260	-0.039818	0.197017
261	-0.039807	0.196184
262	-0.039793	0.195364
263	-0.039783	0.194540
264	-0.039773	0.193727
265	-0.039761	0.192922
266	-0.039750	0.192115
267	-0.039739	0.191330
268	-0.039729	0.190544
269	-0.039717	0.189765
270	-0.039724	0.188989
271	-0.039697	0.188225
272	-0.039686	0.187464
273	-0.039676	0.186708
274	-0.039672	0.185966
275	-0.039656	0.185216
276	-0.039646	0.184480
277	-0.039636	0.183749
278	-0.039628	0.183018
279	-0.039617	0.182304
280	-0.039608	0.181589
281	-0.039601	0.180879
282	-0.039588	0.180176
283	-0.039580	0.179478
284	-0.039571	0.178785
285	-0.039564	0.178097
286	-0.039555	0.177416
287	-0.039546	0.176738
288	-0.039538	0.176066
289	-0.039529	0.175399
290	-0.039520	0.174734
291	-0.039512	0.174079
292	-0.039505	0.173427
293	-0.039496	0.172778
294	-0.039491	0.172134
295	-0.039479	0.171496
296	-0.039471	0.170864
297	-0.039464	0.170233
298	-0.039457	0.169613
299	-0.039449	0.168989
300	-0.039442	0.168373
301	-0.039432	0.167762
302	-0.039441	0.167178
303	-0.039420	0.166552
304	-0.039413	0.165953
305	-0.039405	0.165358
306	-0.039433	0.164766
307	-0.039389	0.164183
308	-0.039382	0.163599
309	-0.039376	0.163022
310	-0.039365	0.162449
311	-0.039363	0.161877
312	-0.039355	0.161311
313	-0.039350	0.160747
314	-0.039336	0.160185
315	-0.039336	0.159634
316	-0.039328	0.159082
317	-0.039324	0.158534
318	-0.039319	0.157992
319	-0.039311	0.157451
320	-0.039305	0.156913
321	-0.039299	0.156380
322	-0.039295	0.155856
323	-0.039286	0.155323
324	-0.039281	0.154801
325	-0.039275	0.154281
326	-0.039266	0.153769
327	-0.039264	0.153251
328	-0.039257	0.152742
329	-0.039252	0.152236
330	-0.039254	0.151724
331	-0.039240	0.151232
332	-0.039235	0.150735
333	-0.039230	0.150243
334	-0.039224	0.149772
335	-0.039219	0.149264
336	-0.039213	0.148779
337	-0.039207	0.148297
338	-0.039208	0.147818
339	-0.039198	0.147342
340	-0.039193	0.146871
341	-0.039187	0.146400
342	-0.039193	0.145916
343	-0.039177	0.145470
344	-0.039172	0.145007
345	-0.039169	0.144549
346	-0.039168	0.144098
347	-0.039158	0.143639
348	-0.039153	0.143189
349	-0.039148	0.142743
350	-0.039142	0.142284
351	-0.039140	0.141855
352	-0.039135	0.141415
353	-0.039129	0.140978
354	-0.039132	0.140556
355	-0.039121	0.140111
356	-0.039117	0.139682
357	-0.039112	0.139254
358	-0.039107	0.138835
359	-0.039103	0.138407
360	-0.039099	0.137987
361	-0.039094	0.137570
362	-0.039087	0.137151
363	-0.039088	0.136743
364	-0.039082	0.136333
365	-0.039078	0.135924
366	-0.039091	0.135518
367	-0.039070	0.135114
368	-0.039065	0.134713
369	-0.039062	0.134315
370	-0.039078	0.133900
371	-0.039053	0.133523
372	-0.039052	0.133130
373	-0.039046	0.132741
374	-0.039040	0.132351
375	-0.039039	0.131968
376	-0.039035	0.131584
377	-0.039033	0.131202
378	-0.039027	0.130827
379	-0.039023	0.130445
380	-0.039021	0.130069
381	-0.039017	0.129695
382	-0.039020	0.129347
383	-0.039012	0.128955
384	-0.039006	0.128587
385	-0.039003	0.128221
386	-0.038995	0.127864
387	-0.038996	0.127496
388	-0.038992	0.127137
389	-0.038989	0.126777
390	-0.038993	0.126414
391	-0.038983	0.126068
392	-0.038978	0.125715
393	-0.038975	0.125365
394	-0.038976	0.125015
395	-0.038970	0.124669
396	-0.038965	0.124324
397	-0.038962	0.123981
398	-0.038968	0.123607
399	-0.038957	0.123299
400	-0.038954	0.122961
401	-0.038950	0.122624
402	-0.038948	0.122294
403	-0.038944	0.121957
404	-0.038941	0.121625
405	-0.038938	0.121296
406	-0.038940	0.120967
407	-0.038934	0.120640
408	-0.038930	0.120316
409	-0.038927	0.119992
410	-0.038922	0.119675
411	-0.038922	0.119350
412	-0.038919	0.119032
413	-0.038915	0.118716
414	-0.038905	0.118392
415	-0.038909	0.118086
416	-0.038908	0.117774
417	-0.038905	0.117464
418	-0.038908	0.117152
419	-0.038900	0.116846
420	-0.038897	0.116540
421	-0.038894	0.116234
422	-0.038887	0.115932
423	-0.038888	0.115629
424	-0.038886	0.115328
425	-0.038883	0.115029
426	-0.038881	0.114724
427	-0.038878	0.114436
428	-0.038876	0.114139
429	-0.038873	0.113847
430	-0.038883	0.113552
431	-0.038870	0.113263
432	-0.038865	0.112974
433	-0.038864	0.112686
434	-0.038885	0.112396
435	-0.038859	0.112116
436	-0.038855	0.111830
437	-0.038854	0.111546
438	-0.038848	0.111257
439	-0.038849	0.110986
440	-0.038847	0.110706
441	-0.038845	0.110429
442	-0.038842	0.110152
443	-0.038840	0.109876
444	-0.038838	0.109603
445	-0.038835	0.109330
446	-0.038820	0.109043
447	-0.038830	0.108789
448	-0.038829	0.108519
449	-0.038826	0.108252
450	-0.038819	0.107993
451	-0.038823	0.107719
452	-0.038820	0.107454
453	-0.038818	0.107191
454	-0.038816	0.106932
455	-0.038814	0.106668
456	-0.038812	0.106408
457	-0.038810	0.106149
458	-0.038809	0.105889
459	-0.038806	0.105635
460	-0.038803	0.105380
461	-0.038803	0.105124
462	-0.038828	0.104955
463	-0.038797	0.104622
464	-0.038795	0.104371
465	-0.038794	0.104120
466	-0.038789	0.103877
467	-0.038789	0.103625
468	-0.038788	0.103378
469	-0.038787	0.103132
470	-0.038782	0.102886
471	-0.038783	0.102643
472	-0.038780	0.102400
473	-0.038779	0.102160
474	-0.038781	0.101919
475	-0.038775	0.101680
476	-0.038773	0.101440
477	-0.038771	0.101203
478	-0.038780	0.100967
479	-0.038768	0.100730
480	-0.038766	0.100497
481	-0.038764	0.100263
482	-0.038762	0.100030
483	-0.038760	0.099798
484	-0.038759	0.099567
485	-0.038757	0.099338
486	-0.038751	0.099107
487	-0.038753	0.098880
488	-0.038753	0.098653
489	-0.038751	0.098428
490	-0.038742	0.098206
491	-0.038746	0.097978
492	-0.038747	0.097755
493	-0.038745	0.097533
494	-0.038738	0.097307
495	-0.038741	0.097089
496	-0.038740	0.096869
497	-0.038738	0.096650
498	-0.038750	0.096402
499	-0.038733	0.096215
500	-0.038733	0.095998
501	-0.038731	0.095782
502	-0.038730	0.095564
503	-0.038728	0.095354
504	-0.038726	0.095142
505	-0.038724	0.094929
506	-0.038719	0.094714
507	-0.038721	0.094506
508	-0.038721	0.094296
509	-0.038720	0.094087
510	-0.038733	0.093878
511	-0.038715	0.093672
512	-0.038715	0.093465
513	-0.038713	0.093260
514	-0.038709	0.093054
515	-0.038710	0.092850
516	-0.038709	0.092645
517	-0.038709	0.092444
518	-0.038704	0.092244
519	-0.038705	0.092039
520	-0.038703	0.091840
521	-0.038701	0.091640
522	-0.038699	0.091438
523	-0.038699	0.091243
524	-0.038696	0.091044
525	-0.038696	0.090849
526	-0.038723	0.090640
527	-0.038695	0.090456
528	-0.038692	0.090263
529	-0.038691	0.090068
530	-0.038688	0.089874
531	-0.038688	0.089683
532	-0.038686	0.089491
533	-0.038686	0.089299
534	-0.038683	0.089110
535	-0.038683	0.088918
536	-0.038683	0.088730
537	-0.038681	0.088542
538	-0.038673	0.088353
539	-0.038677	0.088168
540	-0.038677	0.087981
541	-0.038676	0.087796
542	-0.038673	0.087579
543	-0.038673	0.087426
544	-0.038672	0.087243
545	-0.038671	0.087060
546	-0.038679	0.086876
547	-0.038669	0.086695
548	-0.038666	0.086515
549	-0.038667	0.086333
550	-0.038669	0.086154
551	-0.038664	0.085974
552	-0.038662	0.085797
553	-0.038662	0.085619
554	-0.038657	0.085443
555	-0.038658	0.085262
556	-0.038658	0.085088
557	-0.038656	0.084914
558	-0.038610	0.084720
559	-0.038654	0.084564
560	-0.038654	0.084390
561	-0.038652	0.084217
562	-0.038648	0.084016
563	-0.038652	0.083873
564	-0.038650	0.083702
565	-0.038648	0.083531
566	-0.038642	0.083360
567	-0.038645	0.083190
568	-0.038645	0.083021
569	-0.038643	0.082853
570	-0.038647	0.082684
571	-0.038641	0.082519
572	-0.038641	0.082352
573	-0.038640	0.082185
574	-0.038625	0.082013
575	-0.038638	0.081854
576	-0.038637	0.081691
577	-0.038635	0.081526
578	-0.038629	0.081360
579	-0.038634	0.081200
580	-0.038632	0.081037
581	-0.038631	0.080878
582	-0.038633	0.080712
583	-0.038629	0.080553
584	-0.038630	0.080394
585	-0.038627	0.080233
586	-0.038629	0.080074
587	-0.038627	0.079915
588	-0.038625	0.079759
589	-0.038624	0.079599
590	-0.038620	0.079457
591	-0.038622	0.079286
592	-0.038620	0.079129
593	-0.038621	0.078974
594	-0.038619	0.078815
595	-0.038618	0.078665
596	-0.038617	0.078510
597	-0.038617	0.078356
598	-0.038620	0.078202
599	-0.038615	0.078051
600	-0.038614	0.077898
601	-0.038613	0.077746
602	-0.038616	0.077597
603	-0.038610	0.077444
604	-0.038609	0.077295
605	-0.038610	0.077145
606	-0.038618	0.077001
607	-0.038606	0.076845
608	-0.038606	0.076698
609	-0.038606	0.076550
610	-0.038611	0.076395
611	-0.038604	0.076256
612	-0.038602	0.076109
613	-0.038604	0.075962
614	-0.038602	0.075816
615	-0.038600	0.075672
616	-0.038600	0.075526
617	-0.038598	0.075382
618	-0.038597	0.075234
619	-0.038597	0.075096
620	-0.038597	0.074952
621	-0.038596	0.074808
622	-0.038597	0.074665
623	-0.038594	0.074526
624	-0.038595	0.074385
625	-0.038592	0.074243
626	-0.038563	0.074044
627	-0.038592	0.073964
628	-0.038590	0.073823
629	-0.038588	0.073684
630	-0.038582	0.073553
631	-0.038587	0.073407
632	-0.038588	0.073269
633	-0.038586	0.073132
634	-0.038589	0.072988
635	-0.038584	0.072858
636	-0.038585	0.072722
637	-0.038584	0.072585
638	-0.038591	0.072459
639	-0.038582	0.072314
640	-0.038581	0.072180
641	-0.038580	0.072045
642	-0.038580	0.071900
643	-0.038578	0.071778
644	-0.038577	0.071644
645	-0.038578	0.071513
646	-0.038569	0.071384
647	-0.038576	0.071247
648	-0.038576	0.071116
649	-0.038575	0.070985
650	-0.038572	0.070849
651	-0.038573	0.070724
652	-0.038573	0.070593
653	-0.038572	0.070464
654	-0.038552	0.070320
655	-0.038571	0.070207
656	-0.038570	0.070077
657	-0.038570	0.069947
658	-0.038572	0.069826
659	-0.038568	0.069692
660	-0.038567	0.069566
661	-0.038566	0.069439
662	-0.038565	0.069310
663	-0.038565	0.069185
664	-0.038564	0.069061
665	-0.038563	0.068934
666	-0.038564	0.068808
667	-0.038563	0.068686
668	-0.038562	0.068561
669	-0.038562	0.068436
670	-0.038558	0.068309
671	-0.038560	0.068188
672	-0.038559	0.068067
673	-0.038558	0.067943
674	-0.038559	0.067827
675	-0.038557	0.067698
676	-0.038556	0.067578
677	-0.038556	0.067456
678	-0.038558	0.067339
679	-0.038555	0.067215
680	-0.038554	0.067094
681	-0.038553	0.066973
682	-0.038554	0.066860
683	-0.038553	0.066735
684	-0.038551	0.066616
685	-0.038551	0.066496
686	-0.038541	0.066381
687	-0.038549	0.066261
688	-0.038549	0.066143
689	-0.038547	0.066025
690	-0.038522	0.065930
691	-0.038548	0.065791
692	-0.038547	0.065675
693	-0.038545	0.065559
694	-0.038540	0.065440
695	-0.038543	0.065327
696	-0.038545	0.065211
697	-0.038543	0.065097
698	-0.038539	0.064980
699	-0.038542	0.064867
700	-0.038542	0.064753
701	-0.038541	0.064640
702	-0.038524	0.064522
703	-0.038542	0.064412
704	-0.038540	0.064300
705	-0.038540	0.064188
706	-0.038536	0.064078
707	-0.038539	0.063963
708	-0.038537	0.063851
709	-0.038537	0.063742
710	-0.038538	0.063628
711	-0.038535	0.063518
712	-0.038537	0.063407
713	-0.038534	0.063297
714	-0.038538	0.063189
715	-0.038536	0.063078
716	-0.038534	0.062968
717	-0.038532	0.062859
718	-0.038503	0.062791
719	-0.038532	0.062642
720	-0.038531	0.062532
721	-0.038531	0.062425
722	-0.038527	0.062329
723	-0.038530	0.062208
724	-0.038529	0.062101
725	-0.038530	0.061995
726	-0.038533	0.061887
727	-0.038528	0.061781
728	-0.038528	0.061676
729	-0.038528	0.061570
730	-0.038532	0.061464
731	-0.038526	0.061359
732	-0.038526	0.061253
733	-0.038525	0.061148
734	-0.038519	0.061043
735	-0.038524	0.060940
736	-0.038523	0.060836
737	-0.038522	0.060731
738	-0.038523	0.060627
739	-0.038522	0.060524
740	-0.038522	0.060422
741	-0.038520	0.060319
742	-0.038519	0.060216
743	-0.038520	0.060115
744	-0.038521	0.060011
745	-0.038519	0.059909
746	-0.038516	0.059809
747	-0.038519	0.059707
748	-0.038519	0.059605
749	-0.038517	0.059504
750	-0.038517	0.059410
751	-0.038516	0.059304
752	-0.038516	0.059203
753	-0.038514	0.059103
754	-0.038492	0.058974
755	-0.038516	0.058905
756	-0.038513	0.058806
757	-0.038515	0.058707
758	-0.038515	0.058609
759	-0.038514	0.058509
760	-0.038512	0.058411
761	-0.038514	0.058314
762	-0.038510	0.058219
763	-0.038512	0.058118
764	-0.038511	0.058019
765	-0.038510	0.057924
766	-0.038504	0.057834
767	-0.038509	0.057730
768	-0.038509	0.057633
769	-0.038508	0.057537
770	-0.038509	0.057441
771	-0.038508	0.057345
772	-0.038507	0.057250
773	-0.038507	0.057155
774	-0.038504	0.057060
775	-0.038506	0.056964
776	-0.038505	0.056869
777	-0.038505	0.056775
778	-0.038501	0.056683
779	-0.038505	0.056586
780	-0.038503	0.056492
781	-0.038504	0.056398
782	-0.038500	0.056316
783	-0.038503	0.056213
784	-0.038503	0.056120
785	-0.038503	0.056029
786	-0.038492	0.055923
787	-0.038502	0.055842
788	-0.038500	0.055749
789	-0.038501	0.055658
790	-0.038497	0.055572
791	-0.038500	0.055475
792	-0.038500	0.055384
793	-0.038498	0.055292
794	-0.038508	0.055206
795	-0.038500	0.055110
796	-0.038498	0.055021
797	-0.038498	0.054931
798	-0.038494	0.054837
799	-0.038496	0.054750
800	-0.038497	0.054661
801	-0.038496	0.054572
802	-0.038497	0.054479
803	-0.038495	0.054393
804	-0.038495	0.054302
805	-0.038495	0.054215
806	-0.038497	0.054131
807	-0.038494	0.054038
808	-0.038494	0.053949
809	-0.038493	0.053862
810	-0.038490	0.053775
811	-0.038491	0.053686
812	-0.038492	0.053599
813	-0.038492	0.053513
814	-0.038498	0.053426
815	-0.038490	0.053339
816	-0.038490	0.053253
817	-0.038489	0.053165
818	-0.038499	0.053079
819	-0.038490	0.052993
820	-0.038490	0.052908
821	-0.038489	0.052823
822	-0.038486	0.052737
823	-0.038488	0.052651
824	-0.038488	0.052565
825	-0.038488	0.052481
826	-0.038480	0.052394
827	-0.038487	0.052312
828	-0.038488	0.052228
829	-0.038487	0.052143
830	-0.038478	0.052049
831	-0.038485	0.051974
832	-0.038484	0.051890
833	-0.038485	0.051808
834	-0.038482	0.051735
835	-0.038484	0.051641
836	-0.038483	0.051557
837	-0.038484	0.051476
838	-0.038480	0.051398
839	-0.038483	0.051310
840	-0.038483	0.051228
841	-0.038484	0.051147
842	-0.038482	0.051068
843	-0.038481	0.050982
844	-0.038482	0.050900
845	-0.038481	0.050819
846	-0.038491	0.050727
847	-0.038480	0.050657
848	-0.038480	0.050576
849	-0.038480	0.050495
850	-0.038478	0.050416
851	-0.038480	0.050333
852	-0.038480	0.050253
853	-0.038478	0.050172
854	-0.038480	0.050090
855	-0.038477	0.050013
856	-0.038478	0.049933
857	-0.038478	0.049853
858	-0.038480	0.049772
859	-0.038476	0.049695
860	-0.038476	0.049616
861	-0.038476	0.049536
862	-0.038475	0.049462
863	-0.038475	0.049380
864	-0.038475	0.049301
865	-0.038475	0.049222
866	-0.038475	0.049138
867	-0.038475	0.049067
868	-0.038473	0.048989
869	-0.038474	0.048912
870	-0.038473	0.048833
871	-0.038473	0.048757
872	-0.038473	0.048680
873	-0.038474	0.048602
874	-0.038473	0.048527
875	-0.038472	0.048449
876	-0.038472	0.048372
877	-0.038472	0.048297
878	-0.038471	0.048219
879	-0.038471	0.048143
880	-0.038471	0.048068
881	-0.038470	0.047992
882	-0.038456	0.047924
883	-0.038471	0.047840
884	-0.038468	0.047765
885	-0.038469	0.047690
886	-0.038469	0.047615
887	-0.038467	0.047539
888	-0.038468	0.047465
889	-0.038468	0.047391
890	-0.038472	0.047317
891	-0.038467	0.047242
892	-0.038468	0.047167
893	-0.038467	0.047094
894	-0.038465	0.047019
895	-0.038468	0.046945
896	-0.038467	0.046871
897	-0.038465	0.046798
898	-0.038467	0.046732
899	-0.038466	0.046651
900	-0.038464	0.046578
901	-0.038465	0.046505
902	-0.038465	0.046438
903	-0.038465	0.046361
904	-0.038465	0.046288
905	-0.038465	0.046214
906	-0.038461	0.046139
907	-0.038464	0.046071
908	-0.038464	0.045999
909	-0.038463	0.045926
910	-0.038479	0.045856
911	-0.038463	0.045781
912	-0.038462	0.045711
913	-0.038462	0.045639
914	-0.038465	0.045567
915	-0.038462	0.045497
916	-0.038462	0.045425
917	-0.038461	0.045354
918	-0.038468	0.045280
919	-0.038461	0.045213
920	-0.038460	0.045144
921	-0.038461	0.045072
922	-0.038463	0.045002
923	-0.038459	0.044932
924	-0.038459	0.044864
925	-0.038457	0.044793
926	-0.038445	0.044720
927	-0.038458	0.044654
928	-0.038458	0.044584
929	-0.038458	0.044514
930	-0.038458	0.044447
931	-0.038457	0.044376
932	-0.038457	0.044306
933	-0.038457	0.044238
934	-0.038457	0.044164
935	-0.038458	0.044101
936	-0.038456	0.044032
937	-0.038456	0.043964
938	-0.038462	0.043892
939	-0.038456	0.043827
940	-0.038455	0.043759
941	-0.038454	0.043691
942	-0.038447	0.043629
943	-0.038454	0.043556
944	-0.038454	0.043489
945	-0.038455	0.043422
946	-0.038447	0.043371
947	-0.038454	0.043286
948	-0.038453	0.043218
949	-0.038453	0.043153
950	-0.038456	0.043085
951	-0.038452	0.043019
952	-0.038451	0.042953
953	-0.038452	0.042886
954	-0.038453	0.042823
955	-0.038453	0.042754
956	-0.038452	0.042687
957	-0.038452	0.042622
958	-0.038455	0.042557
959	-0.038450	0.042489
960	-0.038451	0.042424
961	-0.038450	0.042359
962	-0.038458	0.042299
963	-0.038449	0.042228
964	-0.038451	0.042163
965	-0.038450	0.042098
966	-0.038447	0.042032
967	-0.038450	0.041966
968	-0.038449	0.041903
969	-0.038450	0.041837
970	-0.038447	0.041774
971	-0.038449	0.041709
972	-0.038448	0.041644
973	-0.038447	0.041581
974	-0.038544	0.041565
975	-0.038448	0.041453
976	-0.038449	0.041388
977	-0.038446	0.041323
978	-0.038439	0.041251
979	-0.038447	0.041198
980	-0.038447	0.041134
981	-0.038447	0.041070
982	-0.038455	0.041007
983	-0.038446	0.040944
984	-0.038446	0.040880
985	-0.038447	0.040817
986	-0.038448	0.040751
987	-0.038446	0.040692
988	-0.038446	0.040629
989	-0.038447	0.040565
990	-0.038427	0.040502
991	-0.038445	0.040441
992	-0.038445	0.040380
993	-0.038444	0.040318
994	-0.038446	0.040248
995	-0.038443	0.040194
996	-0.038443	0.040131
997	-0.038444	0.040069
998	-0.038441	0.040006
999	-0.038443	0.039946
1000	-0.038444	0.039884
1001	-0.038442	0.039824
1002	-0.038441	0.039760
1003	-0.038442	0.039700
1004	-0.038442	0.039640
1005	-0.038442	0.039580
1006	-0.038451	0.039540
1007	-0.038442	0.039457
1008	-0.038441	0.039397
1009	-0.038442	0.039335
1010	-0.038458	0.039289
1011	-0.038442	0.039216
1012	-0.038440	0.039154
1013	-0.038440	0.039094
1014	-0.038437	0.039033
1015	-0.038441	0.038975
1016	-0.038440	0.038915
1017	-0.038440	0.038856
1018	-0.038435	0.038793
1019	-0.038440	0.038736
1020	-0.038439	0.038675
1021	-0.038439	0.038616
1022	-0.038434	0.038571
1023	-0.038440	0.038499
1024	-0.038438	0.038437
1025	-0.038439	0.038379
1026	-0.038443	0.038324
1027	-0.038438	0.038260
1028	-0.038437	0.038202
1029	-0.038438	0.038144
1030	-0.038439	0.038084
1031	-0.038438	0.038027
1032	-0.038439	0.037969
1033	-0.038437	0.037910
1034	-0.038438	0.037846
1035	-0.038436	0.037794
1036	-0.038438	0.037736
1037	-0.038437	0.037677
1038	-0.038435	0.037615
1039	-0.038436	0.037562
1040	-0.038437	0.037504
1041	-0.038435	0.037447
1042	-0.038436	0.037384
1043	-0.038436	0.037332
1044	-0.038435	0.037274
1045	-0.038436	0.037216
1046	-0.038433	0.037155
1047	-0.038436	0.037102
1048	-0.038436	0.037046
1049	-0.038434	0.036988
1050	-0.038433	0.036930
1051	-0.038435	0.036874
1052	-0.038434	0.036819
1053	-0.038435	0.036761
1054	-0.038436	0.036698
1055	-0.038433	0.036648
1056	-0.038434	0.036591
1057	-0.038433	0.036535
1058	-0.038424	0.036483
1059	-0.038433	0.036424
1060	-0.038434	0.036367
1061	-0.038432	0.036310
1062	-0.038429	0.036257
1063	-0.038433	0.036199
1064	-0.038432	0.036144
1065	-0.038432	0.036087
1066	-0.038428	0.036038
1067	-0.038432	0.035977
1068	-0.038431	0.035920
1069	-0.038431	0.035867
1070	-0.038418	0.035808
1071	-0.038431	0.035755
1072	-0.038430	0.035700
1073	-0.038431	0.035645
1074	-0.038422	0.035625
1075	-0.038431	0.035536
1076	-0.038429	0.035481
1077	-0.038431	0.035427
1078	-0.038434	0.035373
1079	-0.038430	0.035316
1080	-0.038430	0.035262
1081	-0.038430	0.035209
1082	-0.038424	0.035156
1083	-0.038428	0.035100
1084	-0.038430	0.035046
1085	-0.038428	0.034991
1086	-0.038420	0.034951
1087	-0.038430	0.034884
1088	-0.038429	0.034830
1089	-0.038429	0.034776
1090	-0.038436	0.034727
1091	-0.038428	0.034668
1092	-0.038429	0.034615
1093	-0.038428	0.034561
1094	-0.038422	0.034508
1095	-0.038428	0.034455
1096	-0.038429	0.034402
1097	-0.038428	0.034349
1098	-0.038427	0.034289
1099	-0.038427	0.034242
1100	-0.038426	0.034190
1101	-0.038427	0.034136
1102	-0.038425	0.034069
1103	-0.038426	0.034031
1104	-0.038427	0.033978
1105	-0.038425	0.033925
1106	-0.038421	0.033873
1107	-0.038426	0.033821
1108	-0.038425	0.033768
1109	-0.038425	0.033716
1110	-0.038422	0.033665
1111	-0.038426	0.033612
1112	-0.038425	0.033560
1113	-0.038425	0.033508
1114	-0.038430	0.033455
1115	-0.038424	0.033403
1116	-0.038425	0.033352
1117	-0.038426	0.033299
1118	-0.038405	0.033272
1119	-0.038424	0.033197
1120	-0.038425	0.033145
1121	-0.038423	0.033094
1122	-0.038421	0.033040
1123	-0.038423	0.032991
1124	-0.038423	0.032939
1125	-0.038423	0.032888
1126	-0.038422	0.032832
1127	-0.038424	0.032787
1128	-0.038423	0.032735
1129	-0.038422	0.032683
1130	-0.038414	0.032632
1131	-0.038424	0.032582
1132	-0.038423	0.032532
1133	-0.038422	0.032481
1134	-0.038413	0.032452
1135	-0.038422	0.032381
1136	-0.038423	0.032329
1137	-0.038422	0.032279
1138	-0.038454	0.032212
1139	-0.038421	0.032178
1140	-0.038422	0.032127
1141	-0.038422	0.032078
1142	-0.038415	0.032022
1143	-0.038422	0.031978
1144	-0.038422	0.031929
1145	-0.038419	0.031879
1146	-0.038426	0.031832
1147	-0.038421	0.031779
1148	-0.038420	0.031729
1149	-0.038420	0.031679
1150	-0.038436	0.031649
1151	-0.038421	0.031581
1152	-0.038420	0.031531
1153	-0.038419	0.031480
1154	-0.038418	0.031436
1155	-0.038419	0.031383
1156	-0.038419	0.031334
1157	-0.038419	0.031284
1158	-0.038416	0.031237
1159	-0.038420	0.031186
1160	-0.038419	0.031138
1161	-0.038419	0.031089
1162	-0.038421	0.031034
1163	-0.038419	0.030991
1164	-0.038419	0.030941
1165	-0.038418	0.030894
1166	-0.038418	0.030819
1167	-0.038419	0.030797
1168	-0.038419	0.030748
1169	-0.038418	0.030700
1170	-0.038412	0.030655
1171	-0.038418	0.030604
1172	-0.038418	0.030555
1173	-0.038417	0.030507
1174	-0.038415	0.030463
1175	-0.038418	0.030410
1176	-0.038417	0.030363
1177	-0.038418	0.030315
1178	-0.038412	0.030273
1179	-0.038417	0.030219
1180	-0.038417	0.030172
1181	-0.038417	0.030124
1182	-0.038413	0.030075
1183	-0.038417	0.030028
1184	-0.038416	0.029979
1185	-0.038418	0.029933
1186	-0.038421	0.029883
1187	-0.038416	0.029839
1188	-0.038416	0.029791
1189	-0.038414	0.029744
1190	-0.038416	0.029699
1191	-0.038417	0.029649
1192	-0.038415	0.029602
1193	-0.038415	0.029555
1194	-0.038415	0.029515
1195	-0.038415	0.029461
1196	-0.038414	0.029415
1197	-0.038415	0.029368
1198	-0.038425	0.029326
1199	-0.038415	0.029275
1200	-0.038415	0.029228
1201	-0.038414	0.029180
1202	-0.038422	0.029100
1203	-0.038414	0.029088
1204	-0.038415	0.029042
1205	-0.038415	0.028996
1206	-0.038423	0.028946
1207	-0.038414	0.028903
1208	-0.038414	0.028857
1209	-0.038413	0.028810
1210	-0.038409	0.028761
1211	-0.038413	0.028718
1212	-0.038414	0.028671
1213	-0.038414	0.028626
1214	-0.038402	0.028583
1215	-0.038414	0.028534
1216	-0.038413	0.028490
1217	-0.038413	0.028444
1218	-0.038420	0.028397
1219	-0.038412	0.028352
1220	-0.038413	0.028307
1221	-0.038414	0.028261
1222	-0.038414	0.028215
1223	-0.038412	0.028170
1224	-0.038413	0.028126
1225	-0.038412	0.028080
1226	-0.038412	0.028033
1227	-0.038411	0.027990
1228	-0.038412	0.027945
1229	-0.038412	0.027900
1230	-0.038418	0.027798
1231	-0.038411	0.027807
1232	-0.038411	0.027762
1233	-0.038413	0.027718
1234	-0.038412	0.027669
1235	-0.038412	0.027629
1236	-0.038410	0.027585
1237	-0.038412	0.027540
1238	-0.038412	0.027497
1239	-0.038411	0.027451
1240	-0.038411	0.027408
1241	-0.038411	0.027362
1242	-0.038407	0.027321
1243	-0.038410	0.027272
1244	-0.038412	0.027227
1245	-0.038412	0.027184
1246	-0.038412	0.027144
1247	-0.038410	0.027095
1248	-0.038410	0.027050
1249	-0.038410	0.027006
1250	-0.038408	0.026962
1251	-0.038409	0.026920
1252	-0.038410	0.026876
1253	-0.038411	0.026832
1254	-0.038410	0.026789
1255	-0.038410	0.026744
1256	-0.038410	0.026700
1257	-0.038411	0.026656
1258	-0.038414	0.026613
1259	-0.038409	0.026568
1260	-0.038409	0.026525
1261	-0.038409	0.026481
1262	-0.038414	0.026445
1263	-0.038408	0.026395
1264	-0.038407	0.026351
1265	-0.038410	0.026309
1266	-0.038435	0.026271
1267	-0.038407	0.026221
1268	-0.038408	0.026177
1269	-0.038409	0.026135
1270	-0.038406	0.026089
1271	-0.038408	0.026048
1272	-0.038409	0.026006
1273	-0.038408	0.025962
1274	-0.038410	0.025916
1275	-0.038407	0.025877
1276	-0.038408	0.025833
1277	-0.038407	0.025790
1278	-0.038418	0.025748
1279	-0.038408	0.025707
1280	-0.038407	0.025662
1281	-0.038406	0.025620
1282	-0.038410	0.025568
1283	-0.038409	0.025535
1284	-0.038407	0.025492
1285	-0.038406	0.025451
1286	-0.038400	0.025411
1287	-0.038406	0.025365
1288	-0.038406	0.025322
1289	-0.038407	0.025282
1290	-0.038402	0.025238
1291	-0.038406	0.025196
1292	-0.038407	0.025154
1293	-0.038406	0.025113
1294	-0.038425	0.025056
1295	-0.038407	0.025027
1296	-0.038406	0.024985
1297	-0.038406	0.024943
1298	-0.038416	0.024909
1299	-0.038406	0.024861
1300	-0.038406	0.024818
1301	-0.038406	0.024776
1302	-0.038404	0.024727
1303	-0.038407	0.024693
1304	-0.038405	0.024651
1305	-0.038405	0.024609
1306	-0.038401	0.024566
1307	-0.038406	0.024526
1308	-0.038405	0.024485
1309	-0.038405	0.024444
1310	-0.038417	0.024407
1311	-0.038404	0.024361
1312	-0.038405	0.024320
1313	-0.038405	0.024278
1314	-0.038409	0.024244
1315	-0.038405	0.024196
1316	-0.038404	0.024155
1317	-0.038404	0.024113
1318	-0.038404	0.024074
1319	-0.038405	0.024031
1320	-0.038404	0.023990
1321	-0.038404	0.023949
1322	-0.038409	0.023913
1323	-0.038405	0.023868
1324	-0.038404	0.023827
1325	-0.038405	0.023785
1326	-0.038398	0.023752
1327	-0.038404	0.023705
1328	-0.038403	0.023663
1329	-0.038403	0.023622
1330	-0.038410	0.023561
1331	-0.038403	0.023543
1332	-0.038404	0.023502
1333	-0.038402	0.023461
1334	-0.038403	0.023414
1335	-0.038404	0.023378
1336	-0.038402	0.023339
1337	-0.038403	0.023299
1338	-0.038403	0.023260
1339	-0.038403	0.023218
1340	-0.038402	0.023179
1341	-0.038403	0.023137
1342	-0.038407	0.023109
1343	-0.038403	0.023057
1344	-0.038402	0.023018
1345	-0.038402	0.022977
1346	-0.038408	0.022938
1347	-0.038402	0.022897
1348	-0.038401	0.022857
1349	-0.038402	0.022819
1350	-0.038407	0.022774
1351	-0.038402	0.022738
1352	-0.038403	0.022697
1353	-0.038402	0.022658
1354	-0.038403	0.022619
1355	-0.038401	0.022579
1356	-0.038401	0.022539
1357	-0.038401	0.022500
1358	-0.038400	0.022463
1359	-0.038401	0.022420
1360	-0.038401	0.022381
1361	-0.038402	0.022342
1362	-0.038402	0.022298
1363	-0.038401	0.022263
1364	-0.038401	0.022224
1365	-0.038401	0.022183
1366	-0.038396	0.022142
1367	-0.038399	0.022104
1368	-0.038401	0.022067
1369	-0.038400	0.022026
1370	-0.038399	0.021989
1371	-0.038401	0.021948
1372	-0.038400	0.021910
1373	-0.038401	0.021871
1374	-0.038400	0.021833
1375	-0.038401	0.021792
1376	-0.038400	0.021753
1377	-0.038400	0.021715
1378	-0.038401	0.021668
1379	-0.038399	0.021636
1380	-0.038400	0.021598
1381	-0.038400	0.021559
1382	-0.038401	0.021524
1383	-0.038399	0.021481
1384	-0.038400	0.021444
1385	-0.038399	0.021404
1386	-0.038404	0.021369
1387	-0.038400	0.021326
1388	-0.038400	0.021289
1389	-0.038400	0.021249
1390	-0.038401	0.021204
1391	-0.038399	0.021173
1392	-0.038399	0.021135
1393	-0.038399	0.021096
1394	-0.038384	0.021066
1395	-0.038399	0.021020
1396	-0.038399	0.020982
1397	-0.038398	0.020943
1398	-0.038396	0.020908
1399	-0.038399	0.020867
1400	-0.038398	0.020829
1401	-0.038400	0.020791
1402	-0.038402	0.020754
1403	-0.038398	0.020714
1404	-0.038398	0.020677
1405	-0.038399	0.020638
1406	-0.038395	0.020617
1407	-0.038398	0.020563
1408	-0.038399	0.020525
1409	-0.038399	0.020486
1410	-0.038397	0.020448
1411	-0.038398	0.020410
1412	-0.038396	0.020373
1413	-0.038398	0.020335
1414	-0.038392	0.020295
1415	-0.038397	0.020260
1416	-0.038398	0.020222
1417	-0.038398	0.020184
1418	-0.038401	0.020141
1419	-0.038397	0.020108
1420	-0.038397	0.020072
1421	-0.038397	0.020035
1422	-0.038389	0.019987
1423	-0.038397	0.019960
1424	-0.038397	0.019922
1425	-0.038396	0.019885
1426	-0.038392	0.019852
1427	-0.038397	0.019809
1428	-0.038398	0.019773
1429	-0.038396	0.019735
1430	-0.038395	0.019701
1431	-0.038396	0.019661
1432	-0.038397	0.019624
1433	-0.038397	0.019586
1434	-0.038397	0.019554
1435	-0.038396	0.019513
1436	-0.038398	0.019475
1437	-0.038396	0.019438
1438	-0.038400	0.019394
1439	-0.038397	0.019364
1440	-0.038396	0.019326
1441	-0.038395	0.019290
1442	-0.038397	0.019249
1443	-0.038395	0.019217
1444	-0.038395	0.019180
1445	-0.038395	0.019142
1446	-0.038395	0.019109
1447	-0.038397	0.019069
1448	-0.038396	0.019034
1449	-0.038397	0.018995
1450	-0.038397	0.018955
1451	-0.038396	0.018922
1452	-0.038396	0.018885
1453	-0.038396	0.018850
1454	-0.038405	0.018813
1455	-0.038396	0.018777
1456	-0.038395	0.018739
1457	-0.038395	0.018703
1458	-0.038377	0.018652
1459	-0.038396	0.018631
1460	-0.038396	0.018594
1461	-0.038395	0.018557
1462	-0.038394	0.018521
1463	-0.038396	0.018486
1464	-0.038396	0.018448
1465	-0.038395	0.018413
1466	-0.038390	0.018377
1467	-0.038397	0.018340
1468	-0.038395	0.018304
1469	-0.038395	0.018267
1470	-0.038387	0.018222
1471	-0.038395	0.018196
1472	-0.038395	0.018159
1473	-0.038395	0.018123
1474	-0.038388	0.018098
1475	-0.038394	0.018051
1476	-0.038396	0.018016
1477	-0.038394	0.017980
1478	-0.038390	0.017944
1479	-0.038395	0.017908
1480	-0.038396	0.017872
1481	-0.038395	0.017836
1482	-0.038392	0.017802
1483	-0.038394	0.017765
1484	-0.038395	0.017729
1485	-0.038395	0.017691
1486	-0.038377	0.017694
1487	-0.038394	0.017622
1488	-0.038395	0.017586
1489	-0.038394	0.017550
1490	-0.038400	0.017517
1491	-0.038393	0.017480
1492	-0.038393	0.017443
1493	-0.038394	0.017408
1494	-0.038394	0.017372
1495	-0.038395	0.017336
1496	-0.038393	0.017302
1497	-0.038395	0.017266
1498	-0.038394	0.017233
1499	-0.038394	0.017195
1500	-0.038395	0.017160
1501	-0.038393	0.017125
1502	-0.038395	0.017091
1503	-0.038393	0.017054
1504	-0.038394	0.017018
1505	-0.038393	0.016983
1506	-0.038384	0.016941
1507	-0.038393	0.016913
1508	-0.038393	0.016877
1509	-0.038393	0.016843
1510	-0.038396	0.016806
1511	-0.038394	0.016772
1512	-0.038394	0.016738
1513	-0.038393	0.016702
1514	-0.038398	0.016664
1515	-0.038393	0.016633
1516	-0.038393	0.016597
1517	-0.038392	0.016561
1518	-0.038396	0.016534
1519	-0.038393	0.016493
1520	-0.038393	0.016457
1521	-0.038392	0.016422
1522	-0.038382	0.016389
1523	-0.038393	0.016353
1524	-0.038392	0.016318
1525	-0.038392	0.016283
1526	-0.038394	0.016245
1527	-0.038391	0.016214
1528	-0.038391	0.016178
1529	-0.038393	0.016144
1530	-0.038394	0.016112
1531	-0.038393	0.016076
1532	-0.038391	0.016041
1533	-0.038392	0.016006
1534	-0.038396	0.015960
1535	-0.038393	0.015937
1536	-0.038391	0.015902
1537	-0.038392	0.015868
1538	-0.038394	0.015838
1539	-0.038392	0.015800
1540	-0.038394	0.015764
1541	-0.038393	0.015731
1542	-0.038387	0.015694
1543	-0.038392	0.015662
1544	-0.038391	0.015627
1545	-0.038393	0.015592
1546	-0.038388	0.015556
1547	-0.038392	0.015525
1548	-0.038392	0.015490
1549	-0.038392	0.015455
1550	-0.038412	0.015411
1551	-0.038391	0.015387
1552	-0.038390	0.015354
1553	-0.038391	0.015318
1554	-0.038383	0.015282
1555	-0.038391	0.015250
1556	-0.038390	0.015217
1557	-0.038392	0.015182
1558	-0.038391	0.015150
1559	-0.038390	0.015115
1560	-0.038391	0.015080
1561	-0.038390	0.015046
1562	-0.038393	0.015012
1563	-0.038391	0.014978
1564	-0.038391	0.014944
1565	-0.038390	0.014911
1566	-0.038401	0.014869
1567	-0.038390	0.014843
1568	-0.038390	0.014808
1569	-0.038390	0.014776
1570	-0.038393	0.014734
1571	-0.038391	0.014708
1572	-0.038389	0.014674
1573	-0.038389	0.014640
1574	-0.038392	0.014604
1575	-0.038390	0.014573
1576	-0.038390	0.014540
1577	-0.038391	0.014506
1578	-0.038390	0.014470
1579	-0.038390	0.014439
1580	-0.038389	0.014405
1581	-0.038390	0.014370
1582	-0.038385	0.014323
1583	-0.038390	0.014303
1584	-0.038391	0.014269
1585	-0.038390	0.014237
1586	-0.038383	0.014195
1587	-0.038390	0.014171
1588	-0.038389	0.014136
1589	-0.038389	0.014102
1590	-0.038390	0.014069
1591	-0.038390	0.014036
1592	-0.038390	0.014003
1593	-0.038389	0.013969
1594	-0.038386	0.013934
1595	-0.038388	0.013903
1596	-0.038390	0.013870
1597	-0.038389	0.013837
1598	-0.038397	0.013783
1599	-0.038389	0.013768
1600	-0.038390	0.013736
1601	-0.038389	0.013703
1602	-0.038385	0.013672
1603	-0.038389	0.013637
1604	-0.038390	0.013605
1605	-0.038389	0.013570
1606	-0.038392	0.013531
1607	-0.038388	0.013504
1608	-0.038389	0.013471
1609	-0.038387	0.013439
1610	-0.038391	0.013407
1611	-0.038389	0.013371
1612	-0.038389	0.013338
1613	-0.038388	0.013306
1614	-0.038370	0.013262
1615	-0.038389	0.013239
1616	-0.038388	0.013207
1617	-0.038390	0.013173
1618	-0.038392	0.013142
1619	-0.038389	0.013109
1620	-0.038389	0.013075
1621	-0.038388	0.013042
1622	-0.038383	0.013012
1623	-0.038388	0.012976
1624	-0.038390	0.012943
1625	-0.038390	0.012911
1626	-0.038392	0.012875
1627	-0.038389	0.012845
1628	-0.038387	0.012812
1629	-0.038389	0.012781
1630	-0.038394	0.012752
1631	-0.038389	0.012713
1632	-0.038388	0.012682
1633	-0.038387	0.012649
1634	-0.038384	0.012615
1635	-0.038388	0.012584
1636	-0.038388	0.012551
1637	-0.038388	0.012519
1638	-0.038389	0.012485
1639	-0.038387	0.012452
1640	-0.038387	0.012421
1641	-0.038388	0.012388
1642	-0.038386	0.012360
1643	-0.038389	0.012323
1644	-0.038388	0.012291
1645	-0.038388	0.012258
1646	-0.038405	0.012219
1647	-0.038387	0.012194
1648	-0.038387	0.012161
1649	-0.038387	0.012128
1650	-0.038375	0.012104
1651	-0.038388	0.012065
1652	-0.038388	0.012031
1653	-0.038387	0.012000
1654	-0.038387	0.011967
1655	-0.038388	0.011934
1656	-0.038389	0.011902
1657	-0.038387	0.011870
1658	-0.038383	0.011832
1659	-0.038389	0.011806
1660	-0.038388	0.011773
1661	-0.038388	0.011741
1662	-0.038395	0.011719
1663	-0.038386	0.011677
1664	-0.038387	0.011646
1665	-0.038387	0.011612
1666	-0.038395	0.011586
1667	-0.038387	0.011548
1668	-0.038387	0.011516
1669	-0.038387	0.011485
1670	-0.038386	0.011448
1671	-0.038386	0.011419
1672	-0.038387	0.011387
1673	-0.038387	0.011356
1674	-0.038386	0.011328
1675	-0.038386	0.011291
1676	-0.038387	0.011260
1677	-0.038388	0.011228
1678	-0.038404	0.011182
1679	-0.038385	0.011163
1680	-0.038386	0.011132
1681	-0.038387	0.011100
1682	-0.038385	0.011074
1683	-0.038386	0.011037
1684	-0.038385	0.011004
1685	-0.038387	0.010973
1686	-0.038387	0.010943
1687	-0.038387	0.010908
1688	-0.038385	0.010877
1689	-0.038387	0.010845
1690	-0.038385	0.010810
1691	-0.038387	0.010780
1692	-0.038386	0.010749
1693	-0.038387	0.010719
1694	-0.038385	0.010699
1695	-0.038386	0.010655
1696	-0.038387	0.010623
1697	-0.038387	0.010591
1698	-0.038379	0.010559
1699	-0.038386	0.010528
1700	-0.038385	0.010496
1701	-0.038386	0.010464
1702	-0.038384	0.010434
1703	-0.038387	0.010401
1704	-0.038387	0.010369
1705	-0.038387	0.010338
1706	-0.038390	0.010303
1707	-0.038387	0.010275
1708	-0.038387	0.010244
1709	-0.038386	0.010212
1710	-0.038390	0.010168
1711	-0.038387	0.010149
1712	-0.038386	0.010117
1713	-0.038387	0.010086
1714	-0.038407	0.010060
1715	-0.038385	0.010022
1716	-0.038387	0.009991
1717	-0.038385	0.009961
1718	-0.038385	0.009933
1719	-0.038386	0.009897
1720	-0.038386	0.009865
1721	-0.038385	0.009834
1722	-0.038384	0.009803
1723	-0.038385	0.009772
1724	-0.038385	0.009740
1725	-0.038386	0.009709
1726	-0.038390	0.009665
1727	-0.038386	0.009646
1728	-0.038387	0.009616
1729	-0.038384	0.009585
1730	-0.038386	0.009548
1731	-0.038386	0.009522
1732	-0.038386	0.009490
1733	-0.038386	0.009458
1734	-0.038385	0.009422
1735	-0.038385	0.009396
1736	-0.038386	0.009365
1737	-0.038384	0.009334
1738	-0.038385	0.009301
1739	-0.038386	0.009273
1740	-0.038386	0.009240
1741	-0.038386	0.009209
1742	-0.038391	0.009133
1743	-0.038385	0.009147
1744	-0.038385	0.009116
1745	-0.038385	0.009087
1746	-0.038395	0.009061
1747	-0.038385	0.009022
1748	-0.038384	0.008991
1749	-0.038385	0.008961
1750	-0.038379	0.008925
1751	-0.038385	0.008898
1752	-0.038386	0.008868
1753	-0.038385	0.008836
1754	-0.038386	0.008805
1755	-0.038385	0.008774
1756	-0.038385	0.008743
1757	-0.038386	0.008712
1758	-0.038384	0.008699
1759	-0.038384	0.008651
1760	-0.038384	0.008620
1761	-0.038384	0.008590
1762	-0.038381	0.008562
1763	-0.038385	0.008527
1764	-0.038385	0.008496
1765	-0.038385	0.008465
1766	-0.038384	0.008430
1767	-0.038384	0.008403
1768	-0.038385	0.008373
1769	-0.038385	0.008341
1770	-0.038383	0.008313
1771	-0.038385	0.008279
1772	-0.038386	0.008249
1773	-0.038385	0.008218
1774	-0.038381	0.008184
1775	-0.038386	0.008158
1776	-0.038384	0.008125
1777	-0.038384	0.008095
1778	-0.038370	0.008010
1779	-0.038386	0.008034
1780	-0.038384	0.008003
1781	-0.038384	0.007973
1782	-0.038388	0.007938
1783	-0.038385	0.007911
1784	-0.038385	0.007881
1785	-0.038384	0.007849
1786	-0.038381	0.007818
1787	-0.038384	0.007788
1788	-0.038384	0.007758
1789	-0.038384	0.007729
1790	-0.038381	0.007704
1791	-0.038384	0.007666
1792	-0.038384	0.007635
1793	-0.038384	0.007604
1794	-0.038382	0.007567
1795	-0.038385	0.007543
1796	-0.038383	0.007513
1797	-0.038384	0.007482
1798	-0.038384	0.007453
1799	-0.038385	0.007422
1800	-0.038385	0.007390
1801	-0.038384	0.007360
1802	-0.038382	0.007329
1803	-0.038384	0.007300
1804	-0.038383	0.007269
1805	-0.038384	0.007238
1806	-0.038389	0.007210
1807	-0.038385	0.007177
1808	-0.038384	0.007146
1809	-0.038386	0.007115
1810	-0.038377	0.007087
1811	-0.038383	0.007056
1812	-0.038385	0.007025
1813	-0.038384	0.006995
1814	-0.038390	0.006960
1815	-0.038384	0.006934
1816	-0.038383	0.006905
1817	-0.038385	0.006874
1818	-0.038385	0.006846
1819	-0.038383	0.006811
1820	-0.038384	0.006782
1821	-0.038384	0.006752
1822	-0.038382	0.006716
1823	-0.038384	0.006691
1824	-0.038384	0.006660
1825	-0.038383	0.006629
1826	-0.038387	0.006604
1827	-0.038385	0.006569
1828	-0.038384	0.006539
1829	-0.038383	0.006507
1830	-0.038381	0.006483
1831	-0.038383	0.006448
1832	-0.038383	0.006418
1833	-0.038383	0.006388
1834	-0.038387	0.006359
1835	-0.038384	0.006328
1836	-0.038383	0.006297
1837	-0.038384	0.006266
1838	-0.038386	0.006236
1839	-0.038383	0.006206
1840	-0.038382	0.006176
1841	-0.038383	0.006147
1842	-0.038350	0.006152
1843	-0.038385	0.006086
1844	-0.038385	0.006054
1845	-0.038383	0.006024
1846	-0.038379	0.005996
1847	-0.038384	0.005965
1848	-0.038384	0.005935
1849	-0.038384	0.005906
1850	-0.038388	0.005877
1851	-0.038384	0.005845
1852	-0.038383	0.005813
1853	-0.038383	0.005783
1854	-0.038384	0.005746
1855	-0.038384	0.005723
1856	-0.038383	0.005694
1857	-0.038383	0.005664
1858	-0.038386	0.005633
1859	-0.038385	0.005602
1860	-0.038384	0.005575
1861	-0.038383	0.005543
1862	-0.038381	0.005511
1863	-0.038384	0.005483
1864	-0.038384	0.005454
1865	-0.038384	0.005424
1866	-0.038386	0.005399
1867	-0.038383	0.005364
1868	-0.038383	0.005334
1869	-0.038382	0.005303
1870	-0.038370	0.005273
1871	-0.038383	0.005243
1872	-0.038382	0.005213
1873	-0.038383	0.005183
1874	-0.038378	0.005151
1875	-0.038383	0.005123
1876	-0.038383	0.005093
1877	-0.038383	0.005063
1878	-0.038379	0.005030
1879	-0.038383	0.005004
1880	-0.038383	0.004974
1881	-0.038383	0.004943
1882	-0.038385	0.004921
1883	-0.038383	0.004884
1884	-0.038384	0.004854
1885	-0.038383	0.004824
1886	-0.038379	0.004804
1887	-0.038383	0.004763
1888	-0.038384	0.004733
1889	-0.038383	0.004703
1890	-0.038385	0.004670
1891	-0.038382	0.004645
1892	-0.038383	0.004614
1893	-0.038383	0.004584
1894	-0.038381	0.004558
1895	-0.038383	0.004524
1896	-0.038383	0.004494
1897	-0.038382	0.004464
1898	-0.038380	0.004432
1899	-0.038381	0.004406
1900	-0.038382	0.004375
1901	-0.038383	0.004346
1902	-0.038394	0.004315
1903	-0.038383	0.004287
1904	-0.038383	0.004257
1905	-0.038383	0.004228
1906	-0.038371	0.004214
1907	-0.038383	0.004167
1908	-0.038382	0.004138
1909	-0.038382	0.004109
1910	-0.038384	0.004083
1911	-0.038383	0.004047
1912	-0.038382	0.004018
1913	-0.038382	0.003989
1914	-0.038378	0.003955
1915	-0.038383	0.003929
1916	-0.038383	0.003900
1917	-0.038383	0.003869
1918	-0.038386	0.003834
1919	-0.038383	0.003811
1920	-0.038383	0.003781
1921	-0.038383	0.003751
1922	-0.038384	0.003709
1923	-0.038383	0.003690
1924	-0.038382	0.003662
1925	-0.038383	0.003632
1926	-0.038375	0.003602
1927	-0.038381	0.003573
1928	-0.038383	0.003541
1929	-0.038383	0.003513
1930	-0.038380	0.003479
1931	-0.038382	0.003455
1932	-0.038383	0.003424
1933	-0.038383	0.003394
1934	-0.038377	0.003362
1935	-0.038383	0.003335
1936	-0.038383	0.003306
1937	-0.038383	0.003277
1938	-0.038382	0.003248
1939	-0.038382	0.003215
1940	-0.038382	0.003186
1941	-0.038381	0.003157
1942	-0.038385	0.003125
1943	-0.038382	0.003097
1944	-0.038382	0.003068
1945	-0.038384	0.003038
1946	-0.038382	0.003004
1947	-0.038382	0.002979
1948	-0.038383	0.002950
1949	-0.038383	0.002919
1950	-0.038377	0.002890
1951	-0.038382	0.002860
1952	-0.038383	0.002831
1953	-0.038383	0.002802
1954	-0.038366	0.002772
1955	-0.038382	0.002744
1956	-0.038381	0.002713
1957	-0.038382	0.002683
1958	-0.038386	0.002652
1959	-0.038381	0.002625
1960	-0.038382	0.002594
1961	-0.038382	0.002564
1962	-0.038393	0.002533
1963	-0.038383	0.002506
1964	-0.038382	0.002476
1965	-0.038382	0.002447
1966	-0.038365	0.002417
1967	-0.038383	0.002388
1968	-0.038382	0.002358
1969	-0.038382	0.002329
1970	-0.038377	0.002288
1971	-0.038382	0.002270
1972	-0.038383	0.002241
1973	-0.038382	0.002210
1974	-0.038383	0.002181
1975	-0.038382	0.002152
1976	-0.038382	0.002123
1977	-0.038383	0.002091
1978	-0.038379	0.002066
1979	-0.038382	0.002033
1980	-0.038382	0.002004
1981	-0.038381	0.001974
1982	-0.038388	0.001955
1983	-0.038381	0.001914
1984	-0.038382	0.001885
1985	-0.038382	0.001856
1986	-0.038386	0.001831
1987	-0.038382	0.001798
1988	-0.038383	0.001768
1989	-0.038383	0.001738
1990	-0.038384	0.001707
1991	-0.038383	0.001680
1992	-0.038381	0.001650
1993	-0.038382	0.001621
1994	-0.038382	0.001596
1995	-0.038382	0.001562
1996	-0.038382	0.001533
1997	-0.038383	0.001503
1998	-0.038349	0.001465
1999	-0.038383	0.001443
2000	-0.038383	0.001414
2001	-0.038382	0.001384
2002	-0.038382	0.001354
2003	-0.038382	0.001325
2004	-0.038383	0.001295
2005	-0.038382	0.001267
2006	-0.038379	0.001245
2007	-0.038381	0.001207
2008	-0.038382	0.001177
2009	-0.038382	0.001147
2010	-0.038383	0.001115
2011	-0.038382	0.001090
2012	-0.038382	0.001059
2013	-0.038383	0.001029
2014	-0.038391	0.001003
2015	-0.038382	0.000971
2016	-0.038383	0.000942
2017	-0.038382	0.000913
2018	-0.038385	0.000884
2019	-0.038382	0.000852
2020	-0.038382	0.000826
2021	-0.038383	0.000795
2022	-0.038381	0.000769
2023	-0.038382	0.000736
2024	-0.038382	0.000707
2025	-0.038383	0.000678
2026	-0.038388	0.000648
2027	-0.038383	0.000618
2028	-0.038382	0.000591
2029	-0.038382	0.000560
2030	-0.038391	0.000525
2031	-0.038382	0.000500
2032	-0.038382	0.000471
2033	-0.038381	0.000442
2034	-0.038366	0.000423
2035	-0.038382	0.000383
2036	-0.038382	0.000353
2037	-0.038383	0.000322
2038	-0.038380	0.000289
2039	-0.038382	0.000265
2040	-0.038383	0.000235
2041	-0.038383	0.000207
2042	-0.038387	0.000174
2043	-0.038382	0.000148
2044	-0.038382	0.000118
2045	-0.038382	0.000088
2046	-0.038380	0.000056
2047	-0.038383	0.000030
2048	-0.038382	0.000000
2049	-0.038383	-0.000030
2050	-0.038378	-0.000058
2051	-0.038382	-0.000088
2052	-0.038382	-0.000118
2053	-0.038382	-0.000147
2054	-0.038386	-0.000173
2055	-0.038383	-0.000207
2056	-0.038383	-0.000235
2057	-0.038382	-0.000265
2058	-0.038380	-0.000289
2059	-0.038383	-0.000323
2060	-0.038382	-0.000353
2061	-0.038382	-0.000382
2062	-0.038374	-0.000412
2063	-0.038381	-0.000443
2064	-0.038382	-0.000471
2065	-0.038382	-0.000500
2066	-0.038381	-0.000529
2067	-0.038382	-0.000560
2068	-0.038382	-0.000591
2069	-0.038383	-0.000618
2070	-0.038382	-0.000646
2071	-0.038382	-0.000678
2072	-0.038382	-0.000707
2073	-0.038382	-0.000736
2074	-0.038385	-0.000766
2075	-0.038383	-0.000795
2076	-0.038382	-0.000826
2077	-0.038382	-0.000852
2078	-0.038377	-0.000884
2079	-0.038381	-0.000913
2080	-0.038383	-0.000942
2081	-0.038382	-0.000972
2082	-0.038388	-0.001007
2083	-0.038383	-0.001029
2084	-0.038382	-0.001059
2085	-0.038382	-0.001090
2086	-0.038380	-0.001113
2087	-0.038382	-0.001147
2088	-0.038381	-0.001177
2089	-0.038381	-0.001207
2090	-0.038379	-0.001245
2091	-0.038382	-0.001267
2092	-0.038383	-0.001295
2093	-0.038382	-0.001325
2094	-0.038387	-0.001353
2095	-0.038382	-0.001384
2096	-0.038383	-0.001414
2097	-0.038383	-0.001443
2098	-0.038370	-0.001465
2099	-0.038383	-0.001503
2100	-0.038382	-0.001532
2101	-0.038382	-0.001562
2102	-0.038380	-0.001597
2103	-0.038382	-0.001622
2104	-0.038381	-0.001650
2105	-0.038383	-0.001680
2106	-0.038387	-0.001709
2107	-0.038384	-0.001738
2108	-0.038383	-0.001768
2109	-0.038382	-0.001797
2110	-0.038377	-0.001824
2111	-0.038382	-0.001856
2112	-0.038382	-0.001885
2113	-0.038382	-0.001914
2114	-0.038379	-0.001950
2115	-0.038382	-0.001975
2116	-0.038382	-0.002005
2117	-0.038382	-0.002033
2118	-0.038381	-0.002068
2119	-0.038383	-0.002092
2120	-0.038382	-0.002123
2121	-0.038382	-0.002152
2122	-0.038381	-0.002175
2123	-0.038382	-0.002210
2124	-0.038382	-0.002241
2125	-0.038382	-0.002270
2126	-0.038393	-0.002300
2127	-0.038381	-0.002329
2128	-0.038382	-0.002358
2129	-0.038383	-0.002388
2130	-0.038376	-0.002414
2131	-0.038382	-0.002447
2132	-0.038382	-0.002476
2133	-0.038383	-0.002506
2134	-0.038391	-0.002534
2135	-0.038382	-0.002564
2136	-0.038382	-0.002594
2137	-0.038381	-0.002625
2138	-0.038380	-0.002654
2139	-0.038382	-0.002683
2140	-0.038381	-0.002713
2141	-0.038382	-0.002744
2142	-0.038366	-0.002777
2143	-0.038383	-0.002802
2144	-0.038383	-0.002831
2145	-0.038381	-0.002860
2146	-0.038384	-0.002885
2147	-0.038383	-0.002919
2148	-0.038383	-0.002950
2149	-0.038382	-0.002979
2150	-0.038380	-0.003007
2151	-0.038384	-0.003038
2152	-0.038382	-0.003068
2153	-0.038381	-0.003097
2154	-0.038387	-0.003128
2155	-0.038382	-0.003157
2156	-0.038382	-0.003186
2157	-0.038382	-0.003215
2158	-0.038373	-0.003247
2159	-0.038383	-0.003277
2160	-0.038383	-0.003306
2161	-0.038383	-0.003335
2162	-0.038374	-0.003372
2163	-0.038383	-0.003394
2164	-0.038383	-0.003424
2165	-0.038383	-0.003454
2166	-0.038386	-0.003484
2167	-0.038383	-0.003513
2168	-0.038383	-0.003541
2169	-0.038381	-0.003573
2170	-0.038383	-0.003605
2171	-0.038383	-0.003632
2172	-0.038382	-0.003662
2173	-0.038383	-0.003690
2174	-0.038382	-0.003713
2175	-0.038383	-0.003751
2176	-0.038383	-0.003781
2177	-0.038382	-0.003811
2178	-0.038383	-0.003839
2179	-0.038383	-0.003869
2180	-0.038383	-0.003900
2181	-0.038383	-0.003929
2182	-0.038378	-0.003958
2183	-0.038382	-0.003989
2184	-0.038382	-0.004018
2185	-0.038383	-0.004047
2186	-0.038383	-0.004081
2187	-0.038382	-0.004109
2188	-0.038382	-0.004138
2189	-0.038383	-0.004167
2190	-0.038385	-0.004164
2191	-0.038383	-0.004227
2192	-0.038383	-0.004257
2193	-0.038383	-0.004287
2194	-0.038383	-0.004320
2195	-0.038383	-0.004346
2196	-0.038382	-0.004375
2197	-0.038381	-0.004406
2198	-0.038380	-0.004434
2199	-0.038382	-0.004464
2200	-0.038383	-0.004494
2201	-0.038383	-0.004524
2202	-0.038385	-0.004553
2203	-0.038383	-0.004584
2204	-0.038383	-0.004614
2205	-0.038382	-0.004645
2206	-0.038390	-0.004678
2207	-0.038383	-0.004703
2208	-0.038384	-0.004733
2209	-0.038383	-0.004763
2210	-0.038381	-0.004788
2211	-0.038383	-0.004824
2212	-0.038384	-0.004854
2213	-0.038383	-0.004884
2214	-0.038388	-0.004917
2215	-0.038383	-0.004943
2216	-0.038383	-0.004974
2217	-0.038383	-0.005004
2218	-0.038385	-0.005029
2219	-0.038383	-0.005063
2220	-0.038383	-0.005093
2221	-0.038383	-0.005123
2222	-0.038385	-0.005159
2223	-0.038383	-0.005183
2224	-0.038382	-0.005213
2225	-0.038382	-0.005243
2226	-0.038378	-0.005263
2227	-0.038383	-0.005303
2228	-0.038383	-0.005334
2229	-0.038383	-0.005364
2230	-0.038380	-0.005393
2231	-0.038384	-0.005424
2232	-0.038384	-0.005454
2233	-0.038384	-0.005483
2234	-0.038380	-0.005515
2235	-0.038383	-0.005543
2236	-0.038384	-0.005575
2237	-0.038385	-0.005602
2238	-0.038375	-0.005633
2239	-0.038383	-0.005664
2240	-0.038383	-0.005694
2241	-0.038384	-0.005723
2242	-0.038389	-0.005757
2243	-0.038383	-0.005783
2244	-0.038383	-0.005813
2245	-0.038384	-0.005845
2246	-0.038382	-0.005879
2247	-0.038383	-0.005906
2248	-0.038384	-0.005935
2249	-0.038384	-0.005965
2250	-0.038386	-0.005993
2251	-0.038383	-0.006024
2252	-0.038384	-0.006055
2253	-0.038384	-0.006087
2254	-0.038391	-0.006096
2255	-0.038383	-0.006146
2256	-0.038382	-0.006176
2257	-0.038384	-0.006206
2258	-0.038387	-0.006234
2259	-0.038384	-0.006266
2260	-0.038383	-0.006297
2261	-0.038384	-0.006328
2262	-0.038391	-0.006362
2263	-0.038383	-0.006388
2264	-0.038383	-0.006418
2265	-0.038383	-0.006448
2266	-0.038383	-0.006481
2267	-0.038383	-0.006507
2268	-0.038384	-0.006539
2269	-0.038385	-0.006569
2270	-0.038380	-0.006587
2271	-0.038384	-0.006629
2272	-0.038384	-0.006660
2273	-0.038384	-0.006691
2274	-0.038385	-0.006720
2275	-0.038384	-0.006752
2276	-0.038384	-0.006781
2277	-0.038383	-0.006811
2278	-0.038382	-0.006843
2279	-0.038385	-0.006874
2280	-0.038383	-0.006905
2281	-0.038384	-0.006934
2282	-0.038389	-0.006964
2283	-0.038384	-0.006995
2284	-0.038385	-0.007025
2285	-0.038383	-0.007056
2286	-0.038391	-0.007074
2287	-0.038386	-0.007115
2288	-0.038384	-0.007146
2289	-0.038385	-0.007176
2290	-0.038393	-0.007217
2291	-0.038384	-0.007238
2292	-0.038383	-0.007269
2293	-0.038384	-0.007299
2294	-0.038381	-0.007329
2295	-0.038384	-0.007360
2296	-0.038385	-0.007390
2297	-0.038385	-0.007422
2298	-0.038381	-0.007453
2299	-0.038384	-0.007482
2300	-0.038383	-0.007513
2301	-0.038385	-0.007543
2302	-0.038364	-0.007577
2303	-0.038384	-0.007604
2304	-0.038384	-0.007635
2305	-0.038384	-0.007666
2306	-0.038389	-0.007703
2307	-0.038384	-0.007729
2308	-0.038384	-0.007758
2309	-0.038384	-0.007788
2310	-0.038384	-0.007817
2311	-0.038384	-0.007849
2312	-0.038385	-0.007881
2313	-0.038385	-0.007911
2314	-0.038384	-0.007941
2315	-0.038384	-0.007973
2316	-0.038384	-0.008002
2317	-0.038386	-0.008033
2318	-0.038379	-0.008055
2319	-0.038384	-0.008095
2320	-0.038384	-0.008126
2321	-0.038386	-0.008158
2322	-0.038386	-0.008177
2323	-0.038385	-0.008218
2324	-0.038386	-0.008249
2325	-0.038386	-0.008279
2326	-0.038389	-0.008317
2327	-0.038386	-0.008341
2328	-0.038385	-0.008373
2329	-0.038384	-0.008403
2330	-0.038388	-0.008432
2331	-0.038385	-0.008465
2332	-0.038385	-0.008496
2333	-0.038384	-0.008527
2334	-0.038395	-0.008556
2335	-0.038384	-0.008590
2336	-0.038384	-0.008620
2337	-0.038384	-0.008651
2338	-0.038383	-0.008689
2339	-0.038386	-0.008712
2340	-0.038385	-0.008743
2341	-0.038385	-0.008774
2342	-0.038387	-0.008804
2343	-0.038385	-0.008836
2344	-0.038385	-0.008868
2345	-0.038385	-0.008898
2346	-0.038384	-0.008927
2347	-0.038385	-0.008961
2348	-0.038384	-0.008991
2349	-0.038384	-0.009022
2350	-0.038394	-0.009062
2351	-0.038385	-0.009087
2352	-0.038384	-0.009117
2353	-0.038385	-0.009147
2354	-0.038316	-0.009156
2355	-0.038386	-0.009209
2356	-0.038387	-0.009240
2357	-0.038386	-0.009273
2358	-0.038388	-0.009302
2359	-0.038385	-0.009333
2360	-0.038386	-0.009365
2361	-0.038385	-0.009396
2362	-0.038378	-0.009420
2363	-0.038386	-0.009458
2364	-0.038386	-0.009490
2365	-0.038386	-0.009522
2366	-0.038381	-0.009543
2367	-0.038384	-0.009585
2368	-0.038387	-0.009616
2369	-0.038386	-0.009646
2370	-0.038385	-0.009670
2371	-0.038386	-0.009709
2372	-0.038385	-0.009740
2373	-0.038386	-0.009772
2374	-0.038394	-0.009801
2375	-0.038385	-0.009834
2376	-0.038386	-0.009865
2377	-0.038387	-0.009897
2378	-0.038383	-0.009934
2379	-0.038385	-0.009961
2380	-0.038387	-0.009990
2381	-0.038386	-0.010022
2382	-0.038381	-0.010067
2383	-0.038386	-0.010086
2384	-0.038386	-0.010117
2385	-0.038387	-0.010150
2386	-0.038388	-0.010183
2387	-0.038386	-0.010212
2388	-0.038387	-0.010244
2389	-0.038387	-0.010275
2390	-0.038390	-0.010306
2391	-0.038387	-0.010338
2392	-0.038387	-0.010369
2393	-0.038386	-0.010401
2394	-0.038388	-0.010435
2395	-0.038386	-0.010464
2396	-0.038385	-0.010496
2397	-0.038386	-0.010528
2398	-0.038386	-0.010556
2399	-0.038387	-0.010591
2400	-0.038387	-0.010623
2401	-0.038386	-0.010655
2402	-0.038384	-0.010688
2403	-0.038386	-0.010719
2404	-0.038386	-0.010750
2405	-0.038387	-0.010780
2406	-0.038387	-0.010809
2407	-0.038387	-0.010845
2408	-0.038385	-0.010877
2409	-0.038387	-0.010908
2410	-0.038388	-0.010946
2411	-0.038387	-0.010973
2412	-0.038385	-0.011004
2413	-0.038387	-0.011037
2414	-0.038378	-0.011065
2415	-0.038387	-0.011100
2416	-0.038386	-0.011131
2417	-0.038386	-0.011162
2418	-0.038360	-0.011154
2419	-0.038388	-0.011229
2420	-0.038387	-0.011260
2421	-0.038386	-0.011291
2422	-0.038391	-0.011327
2423	-0.038386	-0.011356
2424	-0.038386	-0.011387
2425	-0.038386	-0.011419
2426	-0.038384	-0.011450
2427	-0.038387	-0.011485
2428	-0.038387	-0.011516
2429	-0.038387	-0.011548
2430	-0.038394	-0.011576
2431	-0.038387	-0.011612
2432	-0.038387	-0.011646
2433	-0.038386	-0.011677
2434	-0.038388	-0.011707
2435	-0.038388	-0.011741
2436	-0.038388	-0.011773
2437	-0.038389	-0.011806
2438	-0.038383	-0.011837
2439	-0.038387	-0.011870
2440	-0.038389	-0.011902
2441	-0.038388	-0.011935
2442	-0.038388	-0.011964
2443	-0.038387	-0.012000
2444	-0.038388	-0.012031
2445	-0.038388	-0.012065
2446	-0.038391	-0.012100
2447	-0.038388	-0.012128
2448	-0.038387	-0.012161
2449	-0.038387	-0.012194
2450	-0.038400	-0.012223
2451	-0.038388	-0.012258
2452	-0.038388	-0.012291
2453	-0.038389	-0.012323
2454	-0.038386	-0.012358
2455	-0.038388	-0.012388
2456	-0.038387	-0.012421
2457	-0.038387	-0.012452
2458	-0.038389	-0.012483
2459	-0.038388	-0.012519
2460	-0.038388	-0.012551
2461	-0.038388	-0.012584
2462	-0.038395	-0.012623
2463	-0.038388	-0.012649
2464	-0.038388	-0.012682
2465	-0.038389	-0.012713
2466	-0.038388	-0.012748
2467	-0.038389	-0.012781
2468	-0.038387	-0.012812
2469	-0.038389	-0.012845
2470	-0.038387	-0.012879
2471	-0.038390	-0.012911
2472	-0.038390	-0.012943
2473	-0.038388	-0.012976
2474	-0.038380	-0.013014
2475	-0.038388	-0.013041
2476	-0.038389	-0.013075
2477	-0.038389	-0.013109
2478	-0.038392	-0.013139
2479	-0.038390	-0.013173
2480	-0.038389	-0.013206
2481	-0.038389	-0.013239
2482	-0.038437	-0.013261
2483	-0.038388	-0.013306
2484	-0.038389	-0.013338
2485	-0.038389	-0.013371
2486	-0.038389	-0.013408
2487	-0.038387	-0.013439
2488	-0.038389	-0.013471
2489	-0.038388	-0.013504
2490	-0.038391	-0.013536
2491	-0.038389	-0.013570
2492	-0.038390	-0.013605
2493	-0.038389	-0.013637
2494	-0.038387	-0.013667
2495	-0.038389	-0.013703
2496	-0.038390	-0.013736
2497	-0.038389	-0.013768
2498	-0.038391	-0.013797
2499	-0.038389	-0.013837
2500	-0.038390	-0.013870
2501	-0.038389	-0.013903
2502	-0.038395	-0.013936
2503	-0.038389	-0.013969
2504	-0.038390	-0.014002
2505	-0.038390	-0.014036
2506	-0.038390	-0.014065
2507	-0.038390	-0.014102
2508	-0.038390	-0.014136
2509	-0.038390	-0.014171
2510	-0.038371	-0.014224
2511	-0.038389	-0.014237
2512	-0.038391	-0.014269
2513	-0.038390	-0.014303
2514	-0.038389	-0.014335
2515	-0.038390	-0.014370
2516	-0.038389	-0.014406
2517	-0.038390	-0.014439
2518	-0.038387	-0.014476
2519	-0.038391	-0.014506
2520	-0.038390	-0.014540
2521	-0.038390	-0.014572
2522	-0.038388	-0.014602
2523	-0.038389	-0.014640
2524	-0.038389	-0.014674
2525	-0.038391	-0.014708
2526	-0.038385	-0.014739
2527	-0.038390	-0.014776
2528	-0.038390	-0.014809
2529	-0.038390	-0.014843
2530	-0.038388	-0.014873
2531	-0.038390	-0.014911
2532	-0.038391	-0.014944
2533	-0.038391	-0.014978
2534	-0.038392	-0.015012
2535	-0.038390	-0.015046
2536	-0.038391	-0.015080
2537	-0.038390	-0.015115
2538	-0.038395	-0.015151
2539	-0.038392	-0.015182
2540	-0.038390	-0.015217
2541	-0.038391	-0.015250
2542	-0.038386	-0.015288
2543	-0.038391	-0.015318
2544	-0.038390	-0.015354
2545	-0.038392	-0.015387
2546	-0.038393	-0.015402
2547	-0.038391	-0.015455
2548	-0.038392	-0.015490
2549	-0.038392	-0.015525
2550	-0.038383	-0.015555
2551	-0.038393	-0.015592
2552	-0.038391	-0.015627
2553	-0.038392	-0.015662
2554	-0.038393	-0.015695
2555	-0.038393	-0.015731
2556	-0.038393	-0.015764
2557	-0.038392	-0.015800
2558	-0.038387	-0.015841
2559	-0.038392	-0.015868
2560	-0.038391	-0.015902
2561	-0.038393	-0.015937
2562	-0.038393	-0.015965
2563	-0.038392	-0.016006
2564	-0.038391	-0.016041
2565	-0.038393	-0.016076
2566	-0.038390	-0.016110
2567	-0.038393	-0.016144
2568	-0.038391	-0.016178
2569	-0.038391	-0.016214
2570	-0.038392	-0.016251
2571	-0.038392	-0.016283
2572	-0.038392	-0.016318
2573	-0.038392	-0.016353
2574	-0.038392	-0.016381
2575	-0.038392	-0.016422
2576	-0.038393	-0.016457
2577	-0.038392	-0.016493
2578	-0.038398	-0.016527
2579	-0.038392	-0.016561
2580	-0.038393	-0.016597
2581	-0.038393	-0.016633
2582	-0.038396	-0.016667
2583	-0.038393	-0.016702
2584	-0.038394	-0.016738
2585	-0.038394	-0.016772
2586	-0.038395	-0.016808
2587	-0.038393	-0.016842
2588	-0.038393	-0.016877
2589	-0.038393	-0.016913
2590	-0.038390	-0.016943
2591	-0.038393	-0.016983
2592	-0.038394	-0.017018
2593	-0.038393	-0.017054
2594	-0.038397	-0.017091
2595	-0.038393	-0.017125
2596	-0.038395	-0.017160
2597	-0.038394	-0.017195
2598	-0.038392	-0.017230
2599	-0.038395	-0.017267
2600	-0.038393	-0.017302
2601	-0.038395	-0.017336
2602	-0.038391	-0.017374
2603	-0.038394	-0.017408
2604	-0.038393	-0.017443
2605	-0.038394	-0.017480
2606	-0.038396	-0.017517
2607	-0.038394	-0.017549
2608	-0.038395	-0.017586
2609	-0.038394	-0.017621
2610	-0.038404	-0.017656
2611	-0.038394	-0.017692
2612	-0.038395	-0.017729
2613	-0.038394	-0.017765
2614	-0.038392	-0.017796
2615	-0.038395	-0.017837
2616	-0.038395	-0.017872
2617	-0.038395	-0.017908
2618	-0.038392	-0.017943
2619	-0.038394	-0.017979
2620	-0.038396	-0.018016
2621	-0.038394	-0.018051
2622	-0.038391	-0.018086
2623	-0.038395	-0.018124
2624	-0.038395	-0.018159
2625	-0.038395	-0.018196
2626	-0.038397	-0.018240
2627	-0.038395	-0.018267
2628	-0.038395	-0.018303
2629	-0.038397	-0.018340
2630	-0.038393	-0.018376
2631	-0.038395	-0.018413
2632	-0.038396	-0.018448
2633	-0.038396	-0.018486
2634	-0.038394	-0.018520
2635	-0.038395	-0.018557
2636	-0.038395	-0.018593
2637	-0.038395	-0.018631
2638	-0.038401	-0.018671
2639	-0.038395	-0.018703
2640	-0.038395	-0.018739
2641	-0.038396	-0.018777
2642	-0.038396	-0.018817
2643	-0.038396	-0.018850
2644	-0.038396	-0.018885
2645	-0.038396	-0.018922
2646	-0.038399	-0.018961
2647	-0.038397	-0.018995
2648	-0.038396	-0.019034
2649	-0.038397	-0.019069
2650	-0.038396	-0.019105
2651	-0.038395	-0.019142
2652	-0.038395	-0.019180
2653	-0.038395	-0.019217
2654	-0.038405	-0.019250
2655	-0.038396	-0.019290
2656	-0.038396	-0.019326
2657	-0.038396	-0.019364
2658	-0.038387	-0.019402
2659	-0.038396	-0.019438
2660	-0.038398	-0.019475
2661	-0.038396	-0.019513
2662	-0.038391	-0.019549
2663	-0.038398	-0.019586
2664	-0.038397	-0.019624
2665	-0.038396	-0.019661
2666	-0.038401	-0.019695
2667	-0.038396	-0.019735
2668	-0.038398	-0.019773
2669	-0.038397	-0.019809
2670	-0.038411	-0.019841
2671	-0.038396	-0.019885
2672	-0.038397	-0.019922
2673	-0.038397	-0.019960
2674	-0.038399	-0.020006
2675	-0.038397	-0.020035
2676	-0.038397	-0.020072
2677	-0.038397	-0.020108
2678	-0.038394	-0.020143
2679	-0.038398	-0.020184
2680	-0.038398	-0.020221
2681	-0.038397	-0.020260
2682	-0.038396	-0.020292
2683	-0.038398	-0.020335
2684	-0.038396	-0.020373
2685	-0.038398	-0.020410
2686	-0.038393	-0.020444
2687	-0.038399	-0.020486
2688	-0.038399	-0.020525
2689	-0.038398	-0.020563
2690	-0.038400	-0.020601
2691	-0.038399	-0.020639
2692	-0.038398	-0.020677
2693	-0.038398	-0.020714
2694	-0.038404	-0.020754
2695	-0.038400	-0.020791
2696	-0.038398	-0.020829
2697	-0.038399	-0.020867
2698	-0.038403	-0.020905
2699	-0.038398	-0.020943
2700	-0.038399	-0.020982
2701	-0.038399	-0.021020
2702	-0.038386	-0.021054
2703	-0.038400	-0.021096
2704	-0.038400	-0.021135
2705	-0.038399	-0.021173
2706	-0.038392	-0.021215
2707	-0.038400	-0.021249
2708	-0.038400	-0.021289
2709	-0.038400	-0.021326
2710	-0.038402	-0.021369
2711	-0.038399	-0.021404
2712	-0.038400	-0.021444
2713	-0.038399	-0.021481
2714	-0.038402	-0.021518
2715	-0.038400	-0.021559
2716	-0.038400	-0.021598
2717	-0.038399	-0.021636
2718	-0.038405	-0.021672
2719	-0.038400	-0.021715
2720	-0.038400	-0.021753
2721	-0.038401	-0.021792
2722	-0.038403	-0.021826
2723	-0.038401	-0.021871
2724	-0.038400	-0.021910
2725	-0.038401	-0.021948
2726	-0.038397	-0.021987
2727	-0.038400	-0.022026
2728	-0.038401	-0.022067
2729	-0.038399	-0.022104
2730	-0.038398	-0.022143
2731	-0.038401	-0.022183
2732	-0.038401	-0.022224
2733	-0.038401	-0.022263
2734	-0.038410	-0.022306
2735	-0.038402	-0.022342
2736	-0.038401	-0.022381
2737	-0.038401	-0.022420
2738	-0.038379	-0.022448
2739	-0.038402	-0.022500
2740	-0.038401	-0.022540
2741	-0.038402	-0.022579
2742	-0.038406	-0.022617
2743	-0.038402	-0.022658
2744	-0.038403	-0.022697
2745	-0.038402	-0.022738
2746	-0.038405	-0.022775
2747	-0.038402	-0.022819
2748	-0.038402	-0.022857
2749	-0.038402	-0.022897
2750	-0.038408	-0.022941
2751	-0.038402	-0.022977
2752	-0.038402	-0.023018
2753	-0.038403	-0.023057
2754	-0.038410	-0.023100
2755	-0.038403	-0.023137
2756	-0.038402	-0.023179
2757	-0.038403	-0.023218
2758	-0.038403	-0.023261
2759	-0.038403	-0.023300
2760	-0.038402	-0.023339
2761	-0.038404	-0.023379
2762	-0.038409	-0.023419
2763	-0.038402	-0.023461
2764	-0.038403	-0.023502
2765	-0.038403	-0.023543
2766	-0.038417	-0.023569
2767	-0.038404	-0.023622
2768	-0.038403	-0.023662
2769	-0.038404	-0.023705
2770	-0.038395	-0.023737
2771	-0.038405	-0.023785
2772	-0.038404	-0.023827
2773	-0.038405	-0.023868
2774	-0.038411	-0.023909
2775	-0.038404	-0.023949
2776	-0.038404	-0.023990
2777	-0.038405	-0.024031
2778	-0.038399	-0.024078
2779	-0.038404	-0.024113
2780	-0.038405	-0.024155
2781	-0.038405	-0.024196
2782	-0.038404	-0.024243
2783	-0.038405	-0.024278
2784	-0.038405	-0.024320
2785	-0.038404	-0.024361
2786	-0.038407	-0.024403
2787	-0.038405	-0.024444
2788	-0.038405	-0.024485
2789	-0.038406	-0.024526
2790	-0.038403	-0.024567
2791	-0.038405	-0.024609
2792	-0.038405	-0.024651
2793	-0.038407	-0.024693
2794	-0.038406	-0.024729
2795	-0.038406	-0.024776
2796	-0.038406	-0.024818
2797	-0.038406	-0.024861
2798	-0.038396	-0.024902
2799	-0.038406	-0.024943
2800	-0.038406	-0.024985
2801	-0.038407	-0.025027
2802	-0.038408	-0.025063
2803	-0.038407	-0.025112
2804	-0.038407	-0.025154
2805	-0.038406	-0.025196
2806	-0.038407	-0.025235
2807	-0.038407	-0.025282
2808	-0.038406	-0.025322
2809	-0.038406	-0.025365
2810	-0.038405	-0.025409
2811	-0.038406	-0.025452
2812	-0.038407	-0.025492
2813	-0.038409	-0.025535
2814	-0.038404	-0.025578
2815	-0.038406	-0.025620
2816	-0.038407	-0.025662
2817	-0.038408	-0.025707
2818	-0.038408	-0.025744
2819	-0.038407	-0.025790
2820	-0.038408	-0.025833
2821	-0.038407	-0.025877
2822	-0.038408	-0.025916
2823	-0.038408	-0.025962
2824	-0.038409	-0.026006
2825	-0.038408	-0.026048
2826	-0.038408	-0.026088
2827	-0.038409	-0.026135
2828	-0.038409	-0.026178
2829	-0.038407	-0.026221
2830	-0.038408	-0.026242
2831	-0.038409	-0.026309
2832	-0.038407	-0.026351
2833	-0.038408	-0.026395
2834	-0.038405	-0.026439
2835	-0.038409	-0.026481
2836	-0.038409	-0.026524
2837	-0.038409	-0.026568
2838	-0.038411	-0.026614
2839	-0.038410	-0.026656
2840	-0.038410	-0.026700
2841	-0.038410	-0.026744
2842	-0.038410	-0.026793
2843	-0.038411	-0.026831
2844	-0.038410	-0.026876
2845	-0.038409	-0.026920
2846	-0.038430	-0.026997
2847	-0.038410	-0.027007
2848	-0.038410	-0.027050
2849	-0.038410	-0.027095
2850	-0.038412	-0.027137
2851	-0.038412	-0.027184
2852	-0.038412	-0.027227
2853	-0.038409	-0.027272
2854	-0.038410	-0.027321
2855	-0.038411	-0.027362
2856	-0.038411	-0.027408
2857	-0.038411	-0.027451
2858	-0.038411	-0.027490
2859	-0.038412	-0.027540
2860	-0.038410	-0.027585
2861	-0.038412	-0.027629
2862	-0.038407	-0.027676
2863	-0.038412	-0.027718
2864	-0.038411	-0.027763
2865	-0.038411	-0.027808
2866	-0.038392	-0.027853
2867	-0.038413	-0.027900
2868	-0.038412	-0.027945
2869	-0.038411	-0.027989
2870	-0.038411	-0.028038
2871	-0.038412	-0.028080
2872	-0.038413	-0.028126
2873	-0.038413	-0.028169
2874	-0.038408	-0.028215
2875	-0.038414	-0.028261
2876	-0.038413	-0.028307
2877	-0.038412	-0.028352
2878	-0.038406	-0.028416
2879	-0.038413	-0.028445
2880	-0.038413	-0.028490
2881	-0.038414	-0.028534
2882	-0.038415	-0.028585
2883	-0.038414	-0.028626
2884	-0.038414	-0.028671
2885	-0.038413	-0.028718
2886	-0.038411	-0.028761
2887	-0.038413	-0.028810
2888	-0.038414	-0.028857
2889	-0.038414	-0.028903
2890	-0.038416	-0.028943
2891	-0.038415	-0.028996
2892	-0.038415	-0.029042
2893	-0.038415	-0.029088
2894	-0.038413	-0.029138
2895	-0.038414	-0.029181
2896	-0.038415	-0.029228
2897	-0.038415	-0.029275
2898	-0.038412	-0.029324
2899	-0.038415	-0.029368
2900	-0.038414	-0.029415
2901	-0.038415	-0.029461
2902	-0.038417	-0.029507
2903	-0.038415	-0.029555
2904	-0.038415	-0.029602
2905	-0.038417	-0.029649
2906	-0.038412	-0.029699
2907	-0.038415	-0.029744
2908	-0.038416	-0.029791
2909	-0.038416	-0.029839
2910	-0.038428	-0.029904
2911	-0.038418	-0.029933
2912	-0.038416	-0.029979
2913	-0.038417	-0.030027
2914	-0.038409	-0.030070
2915	-0.038417	-0.030124
2916	-0.038417	-0.030172
2917	-0.038417	-0.030219
2918	-0.038417	-0.030268
2919	-0.038418	-0.030315
2920	-0.038417	-0.030363
2921	-0.038418	-0.030410
2922	-0.038415	-0.030464
2923	-0.038417	-0.030507
2924	-0.038418	-0.030555
2925	-0.038418	-0.030604
2926	-0.038405	-0.030659
2927	-0.038418	-0.030700
2928	-0.038419	-0.030748
2929	-0.038419	-0.030797
2930	-0.038446	-0.030831
2931	-0.038418	-0.030894
2932	-0.038419	-0.030941
2933	-0.038419	-0.030990
2934	-0.038421	-0.031040
2935	-0.038419	-0.031089
2936	-0.038419	-0.031137
2937	-0.038420	-0.031186
2938	-0.038419	-0.031235
2939	-0.038418	-0.031284
2940	-0.038419	-0.031334
2941	-0.038419	-0.031383
2942	-0.038411	-0.031428
2943	-0.038419	-0.031480
2944	-0.038420	-0.031531
2945	-0.038421	-0.031580
2946	-0.038422	-0.031632
2947	-0.038421	-0.031679
2948	-0.038420	-0.031729
2949	-0.038421	-0.031779
2950	-0.038419	-0.031831
2951	-0.038420	-0.031879
2952	-0.038422	-0.031929
2953	-0.038422	-0.031978
2954	-0.038414	-0.032022
2955	-0.038422	-0.032078
2956	-0.038422	-0.032127
2957	-0.038422	-0.032178
2958	-0.038431	-0.032234
2959	-0.038421	-0.032279
2960	-0.038423	-0.032329
2961	-0.038422	-0.032380
2962	-0.038415	-0.032427
2963	-0.038422	-0.032482
2964	-0.038423	-0.032532
2965	-0.038424	-0.032582
2966	-0.038419	-0.032636
2967	-0.038422	-0.032683
2968	-0.038424	-0.032735
2969	-0.038424	-0.032787
2970	-0.038428	-0.032834
2971	-0.038423	-0.032888
2972	-0.038424	-0.032939
2973	-0.038424	-0.032991
2974	-0.038438	-0.033049
2975	-0.038424	-0.033094
2976	-0.038425	-0.033145
2977	-0.038424	-0.033197
2978	-0.038419	-0.033245
2979	-0.038425	-0.033299
2980	-0.038425	-0.033352
2981	-0.038424	-0.033403
2982	-0.038425	-0.033451
2983	-0.038425	-0.033508
2984	-0.038425	-0.033560
2985	-0.038425	-0.033612
2986	-0.038423	-0.033666
2987	-0.038425	-0.033716
2988	-0.038425	-0.033768
2989	-0.038426	-0.033821
2990	-0.038426	-0.033887
2991	-0.038425	-0.033925
2992	-0.038427	-0.033978
2993	-0.038426	-0.034030
2994	-0.038412	-0.034064
2995	-0.038427	-0.034137
2996	-0.038426	-0.034190
2997	-0.038427	-0.034243
2998	-0.038428	-0.034289
2999	-0.038428	-0.034349
3000	-0.038429	-0.034402
3001	-0.038428	-0.034455
3002	-0.038424	-0.034515
3003	-0.038428	-0.034561
3004	-0.038429	-0.034614
3005	-0.038428	-0.034668
3006	-0.038419	-0.034724
3007	-0.038428	-0.034776
3008	-0.038428	-0.034830
3009	-0.038429	-0.034884
3010	-0.038428	-0.034934
3011	-0.038427	-0.034991
3012	-0.038430	-0.035047
3013	-0.038428	-0.035100
3014	-0.038427	-0.035153
3015	-0.038430	-0.035209
3016	-0.038430	-0.035262
3017	-0.038430	-0.035316
3018	-0.038430	-0.035375
3019	-0.038430	-0.035426
3020	-0.038429	-0.035481
3021	-0.038428	-0.035535
3022	-0.038483	-0.035645
3023	-0.038432	-0.035646
3024	-0.038431	-0.035700
3025	-0.038432	-0.035755
3026	-0.038447	-0.035811
3027	-0.038431	-0.035867
3028	-0.038431	-0.035920
3029	-0.038432	-0.035978
3030	-0.038428	-0.036035
3031	-0.038432	-0.036088
3032	-0.038432	-0.036144
3033	-0.038433	-0.036199
3034	-0.038433	-0.036258
3035	-0.038432	-0.036310
3036	-0.038434	-0.036367
3037	-0.038433	-0.036424
3038	-0.038433	-0.036473
3039	-0.038433	-0.036535
3040	-0.038434	-0.036591
3041	-0.038434	-0.036648
3042	-0.038428	-0.036702
3043	-0.038435	-0.036761
3044	-0.038434	-0.036819
3045	-0.038435	-0.036874
3046	-0.038432	-0.036933
3047	-0.038434	-0.036988
3048	-0.038436	-0.037046
3049	-0.038436	-0.037102
3050	-0.038437	-0.037153
3051	-0.038436	-0.037216
3052	-0.038435	-0.037274
3053	-0.038436	-0.037332
3054	-0.038426	-0.037382
3055	-0.038435	-0.037447
3056	-0.038437	-0.037504
3057	-0.038437	-0.037562
3058	-0.038454	-0.037621
3059	-0.038437	-0.037677
3060	-0.038438	-0.037736
3061	-0.038436	-0.037794
3062	-0.038443	-0.037849
3063	-0.038437	-0.037910
3064	-0.038439	-0.037969
3065	-0.038438	-0.038027
3066	-0.038439	-0.038086
3067	-0.038438	-0.038145
3068	-0.038437	-0.038202
3069	-0.038438	-0.038260
3070	-0.038434	-0.038318
3071	-0.038439	-0.038379
3072	-0.038438	-0.038437
3073	-0.038440	-0.038499
3074	-0.038434	-0.038558
3075	-0.038439	-0.038616
3076	-0.038439	-0.038675
3077	-0.038440	-0.038736
3078	-0.038438	-0.038792
3079	-0.038440	-0.038856
3080	-0.038440	-0.038915
3081	-0.038441	-0.038975
3082	-0.038439	-0.039034
3083	-0.038440	-0.039094
3084	-0.038440	-0.039155
3085	-0.038442	-0.039216
3086	-0.038439	-0.039276
3087	-0.038442	-0.039335
3088	-0.038441	-0.039397
3089	-0.038442	-0.039457
3090	-0.038436	-0.039514
3091	-0.038442	-0.039581
3092	-0.038442	-0.039640
3093	-0.038442	-0.039700
3094	-0.038445	-0.039763
3095	-0.038442	-0.039824
3096	-0.038444	-0.039884
3097	-0.038443	-0.039946
3098	-0.038443	-0.040008
3099	-0.038444	-0.040069
3100	-0.038443	-0.040131
3101	-0.038443	-0.040194
3102	-0.038450	-0.040237
3103	-0.038444	-0.040318
3104	-0.038445	-0.040380
3105	-0.038445	-0.040441
3106	-0.038448	-0.040502
3107	-0.038446	-0.040565
3108	-0.038446	-0.040630
3109	-0.038446	-0.040692
3110	-0.038444	-0.040755
3111	-0.038447	-0.040817
3112	-0.038446	-0.040880
3113	-0.038446	-0.040943
3114	-0.038448	-0.041012
3115	-0.038447	-0.041070
3116	-0.038447	-0.041133
3117	-0.038446	-0.041198
3118	-0.038449	-0.041258
3119	-0.038447	-0.041322
3120	-0.038449	-0.041388
3121	-0.038449	-0.041451
3122	-0.038483	-0.041454
3123	-0.038448	-0.041581
3124	-0.038449	-0.041645
3125	-0.038448	-0.041709
3126	-0.038444	-0.041772
3127	-0.038450	-0.041837
3128	-0.038449	-0.041903
3129	-0.038450	-0.041966
3130	-0.038449	-0.042031
3131	-0.038450	-0.042098
3132	-0.038451	-0.042163
3133	-0.038449	-0.042228
3134	-0.038448	-0.042289
3135	-0.038450	-0.042359
3136	-0.038451	-0.042424
3137	-0.038450	-0.042489
3138	-0.038454	-0.042547
3139	-0.038451	-0.042622
3140	-0.038452	-0.042687
3141	-0.038453	-0.042754
3142	-0.038457	-0.042826
3143	-0.038452	-0.042886
3144	-0.038452	-0.042953
3145	-0.038452	-0.043019
3146	-0.038453	-0.043086
3147	-0.038454	-0.043154
3148	-0.038453	-0.043218
3149	-0.038454	-0.043287
3150	-0.038449	-0.043343
3151	-0.038455	-0.043421
3152	-0.038454	-0.043488
3153	-0.038454	-0.043556
3154	-0.038458	-0.043632
3155	-0.038454	-0.043691
3156	-0.038455	-0.043759
3157	-0.038456	-0.043827
3158	-0.038452	-0.043892
3159	-0.038456	-0.043964
3160	-0.038456	-0.044032
3161	-0.038458	-0.044101
3162	-0.038456	-0.044175
3163	-0.038457	-0.044238
3164	-0.038457	-0.044306
3165	-0.038457	-0.044376
3166	-0.038448	-0.044432
3167	-0.038458	-0.044514
3168	-0.038458	-0.044584
3169	-0.038458	-0.044654
3170	-0.038457	-0.044728
3171	-0.038457	-0.044793
3172	-0.038459	-0.044864
3173	-0.038459	-0.044932
3174	-0.038461	-0.045001
3175	-0.038461	-0.045072
3176	-0.038460	-0.045144
3177	-0.038461	-0.045213
3178	-0.038468	-0.045281
3179	-0.038461	-0.045354
3180	-0.038462	-0.045425
3181	-0.038462	-0.045497
3182	-0.038471	-0.045584
3183	-0.038462	-0.045639
3184	-0.038462	-0.045711
3185	-0.038463	-0.045782
3186	-0.038474	-0.045876
3187	-0.038463	-0.045926
3188	-0.038464	-0.045999
3189	-0.038464	-0.046071
3190	-0.038464	-0.046135
3191	-0.038465	-0.046214
3192	-0.038465	-0.046288
3193	-0.038465	-0.046361
3194	-0.038461	-0.046439
3195	-0.038465	-0.046505
3196	-0.038464	-0.046578
3197	-0.038466	-0.046651
3198	-0.038467	-0.046728
3199	-0.038465	-0.046798
3200	-0.038467	-0.046871
3201	-0.038468	-0.046945
3202	-0.038466	-0.047018
3203	-0.038467	-0.047094
3204	-0.038467	-0.047167
3205	-0.038467	-0.047242
3206	-0.038463	-0.047314
3207	-0.038468	-0.047391
3208	-0.038468	-0.047465
3209	-0.038467	-0.047539
3210	-0.038470	-0.047613
3211	-0.038469	-0.047690
3212	-0.038468	-0.047765
3213	-0.038471	-0.047840
3214	-0.038466	-0.047901
3215	-0.038470	-0.047992
3216	-0.038471	-0.048068
3217	-0.038471	-0.048143
3218	-0.038473	-0.048219
3219	-0.038472	-0.048297
3220	-0.038472	-0.048372
3221	-0.038472	-0.048449
3222	-0.038473	-0.048523
3223	-0.038474	-0.048602
3224	-0.038473	-0.048680
3225	-0.038473	-0.048756
3226	-0.038470	-0.048834
3227	-0.038474	-0.048912
3228	-0.038474	-0.048989
3229	-0.038475	-0.049067
3230	-0.038474	-0.049147
3231	-0.038475	-0.049222
3232	-0.038475	-0.049301
3233	-0.038475	-0.049380
3234	-0.038476	-0.049455
3235	-0.038476	-0.049536
3236	-0.038476	-0.049616
3237	-0.038476	-0.049695
3238	-0.038476	-0.049777
3239	-0.038478	-0.049853
3240	-0.038478	-0.049933
3241	-0.038477	-0.050013
3242	-0.038473	-0.050085
3243	-0.038478	-0.050172
3244	-0.038480	-0.050253
3245	-0.038480	-0.050333
3246	-0.038477	-0.050408
3247	-0.038480	-0.050495
3248	-0.038480	-0.050576
3249	-0.038480	-0.050657
3250	-0.038463	-0.050762
3251	-0.038481	-0.050818
3252	-0.038482	-0.050900
3253	-0.038481	-0.050982
3254	-0.038478	-0.051057
3255	-0.038484	-0.051147
3256	-0.038483	-0.051228
3257	-0.038483	-0.051310
3258	-0.038483	-0.051393
3259	-0.038484	-0.051476
3260	-0.038483	-0.051558
3261	-0.038484	-0.051641
3262	-0.038493	-0.051717
3263	-0.038485	-0.051808
3264	-0.038484	-0.051890
3265	-0.038486	-0.051974
3266	-0.038486	-0.052063
3267	-0.038487	-0.052143
3268	-0.038487	-0.052228
3269	-0.038487	-0.052312
3270	-0.038487	-0.052395
3271	-0.038488	-0.052481
3272	-0.038488	-0.052565
3273	-0.038488	-0.052651
3274	-0.038486	-0.052736
3275	-0.038489	-0.052822
3276	-0.038490	-0.052908
3277	-0.038490	-0.052993
3278	-0.038486	-0.053104
3279	-0.038489	-0.053165
3280	-0.038490	-0.053253
3281	-0.038490	-0.053339
3282	-0.038493	-0.053418
3283	-0.038492	-0.053513
3284	-0.038492	-0.053600
3285	-0.038492	-0.053687
3286	-0.038488	-0.053778
3287	-0.038493	-0.053862
3288	-0.038495	-0.053949
3289	-0.038494	-0.054038
3290	-0.038494	-0.054132
3291	-0.038495	-0.054215
3292	-0.038495	-0.054302
3293	-0.038495	-0.054393
3294	-0.038490	-0.054488
3295	-0.038495	-0.054572
3296	-0.038497	-0.054661
3297	-0.038496	-0.054750
3298	-0.038508	-0.054838
3299	-0.038498	-0.054931
3300	-0.038498	-0.055021
3301	-0.038500	-0.055110
3302	-0.038502	-0.055199
3303	-0.038498	-0.055292
3304	-0.038500	-0.055384
3305	-0.038500	-0.055476
3306	-0.038498	-0.055563
3307	-0.038501	-0.055658
3308	-0.038500	-0.055749
3309	-0.038502	-0.055842
3310	-0.038491	-0.055931
3311	-0.038503	-0.056029
3312	-0.038503	-0.056120
3313	-0.038503	-0.056214
3314	-0.038484	-0.056324
3315	-0.038505	-0.056398
3316	-0.038504	-0.056492
3317	-0.038505	-0.056586
3318	-0.038503	-0.056678
3319	-0.038505	-0.056775
3320	-0.038505	-0.056869
3321	-0.038506	-0.056964
3322	-0.038509	-0.057060
3323	-0.038507	-0.057154
3324	-0.038507	-0.057250
3325	-0.038508	-0.057345
3326	-0.038492	-0.057442
3327	-0.038508	-0.057537
3328	-0.038509	-0.057633
3329	-0.038509	-0.057730
3330	-0.038516	-0.057825
3331	-0.038510	-0.057924
3332	-0.038511	-0.058019
3333	-0.038512	-0.058118
3334	-0.038509	-0.058217
3335	-0.038514	-0.058314
3336	-0.038512	-0.058411
3337	-0.038514	-0.058509
3338	-0.038516	-0.058609
3339	-0.038514	-0.058706
3340	-0.038513	-0.058805
3341	-0.038515	-0.058904
3342	-0.038524	-0.059007
3343	-0.038515	-0.059104
3344	-0.038517	-0.059203
3345	-0.038516	-0.059304
3346	-0.038525	-0.059411
3347	-0.038517	-0.059504
3348	-0.038519	-0.059606
3349	-0.038519	-0.059707
3350	-0.038519	-0.059809
3351	-0.038519	-0.059909
3352	-0.038521	-0.060011
3353	-0.038520	-0.060115
3354	-0.038519	-0.060216
3355	-0.038520	-0.060319
3356	-0.038522	-0.060422
3357	-0.038522	-0.060525
3358	-0.038520	-0.060628
3359	-0.038522	-0.060731
3360	-0.038523	-0.060836
3361	-0.038524	-0.060941
3362	-0.038523	-0.061031
3363	-0.038525	-0.061148
3364	-0.038526	-0.061253
3365	-0.038526	-0.061359
3366	-0.038529	-0.061464
3367	-0.038528	-0.061570
3368	-0.038528	-0.061676
3369	-0.038528	-0.061781
3370	-0.038531	-0.061890
3371	-0.038530	-0.061995
3372	-0.038529	-0.062101
3373	-0.038530	-0.062208
3374	-0.038537	-0.062324
3375	-0.038531	-0.062425
3376	-0.038530	-0.062532
3377	-0.038532	-0.062642
3378	-0.038505	-0.062754
3379	-0.038532	-0.062860
3380	-0.038534	-0.062969
3381	-0.038535	-0.063078
3382	-0.038534	-0.063190
3383	-0.038534	-0.063297
3384	-0.038537	-0.063407
3385	-0.038536	-0.063518
3386	-0.038540	-0.063632
3387	-0.038537	-0.063741
3388	-0.038537	-0.063851
3389	-0.038539	-0.063963
3390	-0.038537	-0.064072
3391	-0.038540	-0.064188
3392	-0.038540	-0.064300
3393	-0.038542	-0.064413
3394	-0.038539	-0.064523
3395	-0.038541	-0.064640
3396	-0.038541	-0.064753
3397	-0.038543	-0.064867
3398	-0.038541	-0.064977
3399	-0.038543	-0.065097
3400	-0.038545	-0.065211
3401	-0.038543	-0.065327
3402	-0.038546	-0.065445
3403	-0.038545	-0.065559
3404	-0.038547	-0.065675
3405	-0.038548	-0.065792
3406	-0.038548	-0.065918
3407	-0.038547	-0.066025
3408	-0.038550	-0.066143
3409	-0.038549	-0.066261
3410	-0.038547	-0.066388
3411	-0.038551	-0.066496
3412	-0.038551	-0.066616
3413	-0.038553	-0.066735
3414	-0.038556	-0.066859
3415	-0.038553	-0.066973
3416	-0.038554	-0.067094
3417	-0.038554	-0.067215
3418	-0.038556	-0.067340
3419	-0.038556	-0.067456
3420	-0.038556	-0.067578
3421	-0.038557	-0.067698
3422	-0.038554	-0.067823
3423	-0.038558	-0.067943
3424	-0.038559	-0.068067
3425	-0.038561	-0.068188
3426	-0.038564	-0.068320
3427	-0.038562	-0.068436
3428	-0.038562	-0.068561
3429	-0.038563	-0.068686
3430	-0.038562	-0.068808
3431	-0.038563	-0.068934
3432	-0.038564	-0.069061
3433	-0.038565	-0.069185
3434	-0.038566	-0.069312
3435	-0.038566	-0.069439
3436	-0.038568	-0.069566
3437	-0.038568	-0.069692
3438	-0.038535	-0.069807
3439	-0.038569	-0.069946
3440	-0.038570	-0.070077
3441	-0.038570	-0.070207
3442	-0.038530	-0.070311
3443	-0.038572	-0.070464
3444	-0.038572	-0.070593
3445	-0.038573	-0.070724
3446	-0.038575	-0.070857
3447	-0.038575	-0.070985
3448	-0.038576	-0.071116
3449	-0.038576	-0.071247
3450	-0.038584	-0.071375
3451	-0.038578	-0.071513
3452	-0.038577	-0.071644
3453	-0.038579	-0.071778
3454	-0.038572	-0.071881
3455	-0.038580	-0.072045
3456	-0.038581	-0.072180
3457	-0.038582	-0.072314
3458	-0.038572	-0.072449
3459	-0.038583	-0.072585
3460	-0.038585	-0.072722
3461	-0.038584	-0.072858
3462	-0.038587	-0.072997
3463	-0.038585	-0.073132
3464	-0.038587	-0.073269
3465	-0.038587	-0.073407
3466	-0.038589	-0.073549
3467	-0.038588	-0.073684
3468	-0.038589	-0.073823
3469	-0.038591	-0.073963
3470	-0.038622	-0.074089
3471	-0.038593	-0.074244
3472	-0.038595	-0.074385
3473	-0.038594	-0.074526
3474	-0.038592	-0.074669
3475	-0.038596	-0.074808
3476	-0.038597	-0.074952
3477	-0.038597	-0.075095
3478	-0.038601	-0.075236
3479	-0.038598	-0.075382
3480	-0.038600	-0.075526
3481	-0.038601	-0.075671
3482	-0.038601	-0.075815
3483	-0.038604	-0.075962
3484	-0.038602	-0.076109
3485	-0.038605	-0.076256
3486	-0.038608	-0.076410
3487	-0.038606	-0.076550
3488	-0.038606	-0.076698
3489	-0.038607	-0.076846
3490	-0.038607	-0.076994
3491	-0.038610	-0.077145
3492	-0.038609	-0.077295
3493	-0.038610	-0.077445
3494	-0.038617	-0.077595
3495	-0.038613	-0.077746
3496	-0.038614	-0.077898
3497	-0.038615	-0.078051
3498	-0.038616	-0.078207
3499	-0.038617	-0.078356
3500	-0.038617	-0.078510
3501	-0.038618	-0.078665
3502	-0.038613	-0.078799
3503	-0.038621	-0.078973
3504	-0.038620	-0.079130
3505	-0.038622	-0.079286
3506	-0.038615	-0.079468
3507	-0.038624	-0.079599
3508	-0.038625	-0.079759
3509	-0.038627	-0.079915
3510	-0.038629	-0.080075
3511	-0.038627	-0.080233
3512	-0.038630	-0.080394
3513	-0.038629	-0.080553
3514	-0.038631	-0.080709
3515	-0.038631	-0.080878
3516	-0.038632	-0.081037
3517	-0.038634	-0.081200
3518	-0.038643	-0.081347
3519	-0.038636	-0.081525
3520	-0.038637	-0.081691
3521	-0.038638	-0.081854
3522	-0.038641	-0.082025
3523	-0.038640	-0.082185
3524	-0.038641	-0.082352
3525	-0.038641	-0.082519
3526	-0.038644	-0.082684
3527	-0.038643	-0.082853
3528	-0.038644	-0.083021
3529	-0.038645	-0.083190
3530	-0.038642	-0.083359
3531	-0.038648	-0.083531
3532	-0.038650	-0.083701
3533	-0.038651	-0.083872
3534	-0.038649	-0.084103
3535	-0.038652	-0.084218
3536	-0.038654	-0.084391
3537	-0.038655	-0.084565
3538	-0.038648	-0.084737
3539	-0.038656	-0.084914
3540	-0.038658	-0.085087
3541	-0.038659	-0.085262
3542	-0.038663	-0.085437
3543	-0.038662	-0.085619
3544	-0.038662	-0.085797
3545	-0.038664	-0.085974
3546	-0.038667	-0.086146
3547	-0.038667	-0.086333
3548	-0.038666	-0.086515
3549	-0.038669	-0.086695
3550	-0.038657	-0.086879
3551	-0.038671	-0.087060
3552	-0.038672	-0.087243
3553	-0.038674	-0.087426
3554	-0.038666	-0.087599
3555	-0.038676	-0.087796
3556	-0.038677	-0.087981
3557	-0.038677	-0.088168
3558	-0.038690	-0.088357
3559	-0.038681	-0.088542
3560	-0.038683	-0.088730
3561	-0.038683	-0.088918
3562	-0.038684	-0.089113
3563	-0.038686	-0.089299
3564	-0.038686	-0.089491
3565	-0.038688	-0.089683
3566	-0.038687	-0.089872
3567	-0.038691	-0.090068
3568	-0.038692	-0.090263
3569	-0.038694	-0.090456
3570	-0.038688	-0.090618
3571	-0.038697	-0.090849
3572	-0.038697	-0.091044
3573	-0.038700	-0.091243
3574	-0.038697	-0.091441
3575	-0.038701	-0.091640
3576	-0.038703	-0.091840
3577	-0.038705	-0.092039
3578	-0.038703	-0.092241
3579	-0.038709	-0.092444
3580	-0.038709	-0.092645
3581	-0.038711	-0.092850
3582	-0.038700	-0.093049
3583	-0.038712	-0.093260
3584	-0.038715	-0.093465
3585	-0.038715	-0.093672
3586	-0.038717	-0.093878
3587	-0.038720	-0.094087
3588	-0.038721	-0.094296
3589	-0.038721	-0.094506
3590	-0.038723	-0.094714
3591	-0.038724	-0.094929
3592	-0.038727	-0.095142
3593	-0.038728	-0.095354
3594	-0.038724	-0.095570
3595	-0.038731	-0.095783
3596	-0.038733	-0.095998
3597	-0.038733	-0.096215
3598	-0.038759	-0.096416
3599	-0.038738	-0.096650
3600	-0.038739	-0.096869
3601	-0.038741	-0.097090
3602	-0.038741	-0.097304
3603	-0.038744	-0.097532
3604	-0.038747	-0.097755
3605	-0.038746	-0.097978
3606	-0.038757	-0.098199
3607	-0.038751	-0.098428
3608	-0.038753	-0.098653
3609	-0.038753	-0.098880
3610	-0.038755	-0.099112
3611	-0.038757	-0.099338
3612	-0.038759	-0.099567
3613	-0.038760	-0.099797
3614	-0.038772	-0.100052
3615	-0.038764	-0.100263
3616	-0.038766	-0.100497
3617	-0.038768	-0.100730
3618	-0.038776	-0.100958
3619	-0.038771	-0.101203
3620	-0.038773	-0.101440
3621	-0.038775	-0.101680
3622	-0.038781	-0.101920
3623	-0.038779	-0.102159
3624	-0.038780	-0.102400
3625	-0.038783	-0.102643
3626	-0.038785	-0.102885
3627	-0.038787	-0.103132
3628	-0.038788	-0.103378
3629	-0.038789	-0.103625
3630	-0.038792	-0.103863
3631	-0.038794	-0.104120
3632	-0.038795	-0.104370
3633	-0.038796	-0.104621
3634	-0.038821	-0.104848
3635	-0.038803	-0.105125
3636	-0.038804	-0.105380
3637	-0.038806	-0.105635
3638	-0.038810	-0.105893
3639	-0.038810	-0.106149
3640	-0.038812	-0.106408
3641	-0.038814	-0.106669
3642	-0.038823	-0.106933
3643	-0.038819	-0.107191
3644	-0.038820	-0.107454
3645	-0.038822	-0.107719
3646	-0.038838	-0.107983
3647	-0.038827	-0.108252
3648	-0.038829	-0.108519
3649	-0.038830	-0.108789
3650	-0.038831	-0.109063
3651	-0.038835	-0.109330
3652	-0.038838	-0.109603
3653	-0.038840	-0.109876
3654	-0.038842	-0.110156
3655	-0.038845	-0.110429
3656	-0.038847	-0.110706
3657	-0.038849	-0.110986
3658	-0.038848	-0.111260
3659	-0.038854	-0.111546
3660	-0.038856	-0.111830
3661	-0.038859	-0.112115
3662	-0.038876	-0.112412
3663	-0.038863	-0.112687
3664	-0.038865	-0.112974
3665	-0.038869	-0.113263
3666	-0.038881	-0.113551
3667	-0.038873	-0.113847
3668	-0.038876	-0.114140
3669	-0.038878	-0.114436
3670	-0.038877	-0.114726
3671	-0.038883	-0.115029
3672	-0.038886	-0.115328
3673	-0.038888	-0.115629
3674	-0.038890	-0.115933
3675	-0.038894	-0.116234
3676	-0.038897	-0.116540
3677	-0.038900	-0.116846
3678	-0.038915	-0.117153
3679	-0.038905	-0.117463
3680	-0.038908	-0.117774
3681	-0.038909	-0.118086
3682	-0.038916	-0.118402
3683	-0.038915	-0.118716
3684	-0.038919	-0.119032
3685	-0.038922	-0.119350
3686	-0.038929	-0.119676
3687	-0.038927	-0.119992
3688	-0.038930	-0.120316
3689	-0.038934	-0.120640
3690	-0.038941	-0.120969
3691	-0.038938	-0.121296
3692	-0.038941	-0.121625
3693	-0.038944	-0.121957
3694	-0.038952	-0.122292
3695	-0.038951	-0.122625
3696	-0.038954	-0.122961
3697	-0.038958	-0.123299
3698	-0.038976	-0.123601
3699	-0.038963	-0.123981
3700	-0.038965	-0.124324
3701	-0.038970	-0.124670
3702	-0.038978	-0.125035
3703	-0.038975	-0.125365
3704	-0.038978	-0.125715
3705	-0.038983	-0.126068
3706	-0.038980	-0.126421
3707	-0.038989	-0.126777
3708	-0.038992	-0.127136
3709	-0.038997	-0.127496
3710	-0.038992	-0.127868
3711	-0.039003	-0.128221
3712	-0.039006	-0.128587
3713	-0.039012	-0.128955
3714	-0.039014	-0.129321
3715	-0.039017	-0.129696
3716	-0.039021	-0.130069
3717	-0.039023	-0.130445
3718	-0.039026	-0.130829
3719	-0.039033	-0.131202
3720	-0.039036	-0.131584
3721	-0.039039	-0.131968
3722	-0.039041	-0.132354
3723	-0.039047	-0.132741
3724	-0.039052	-0.133130
3725	-0.039053	-0.133523
3726	-0.039058	-0.133932
3727	-0.039062	-0.134315
3728	-0.039065	-0.134714
3729	-0.039070	-0.135114
3730	-0.039077	-0.135518
3731	-0.039078	-0.135924
3732	-0.039082	-0.136333
3733	-0.039088	-0.136743
3734	-0.039098	-0.137160
3735	-0.039094	-0.137570
3736	-0.039099	-0.137987
3737	-0.039103	-0.138407
3738	-0.039110	-0.138831
3739	-0.039112	-0.139255
3740	-0.039117	-0.139682
3741	-0.039121	-0.140111
3742	-0.039094	-0.140542
3743	-0.039129	-0.140978
3744	-0.039135	-0.141415
3745	-0.039139	-0.141855
3746	-0.039156	-0.142309
3747	-0.039148	-0.142743
3748	-0.039153	-0.143190
3749	-0.039159	-0.143639
3750	-0.039167	-0.144098
3751	-0.039169	-0.144549
3752	-0.039172	-0.145007
3753	-0.039178	-0.145470
3754	-0.039174	-0.145947
3755	-0.039187	-0.146400
3756	-0.039193	-0.146871
3757	-0.039198	-0.147343
3758	-0.039213	-0.147816
3759	-0.039207	-0.148297
3760	-0.039213	-0.148779
3761	-0.039220	-0.149263
3762	-0.039242	-0.149745
3763	-0.039230	-0.150243
3764	-0.039235	-0.150736
3765	-0.039240	-0.151232
3766	-0.039246	-0.151732
3767	-0.039252	-0.152236
3768	-0.039257	-0.152742
3769	-0.039264	-0.153251
3770	-0.039271	-0.153767
3771	-0.039275	-0.154281
3772	-0.039281	-0.154801
3773	-0.039287	-0.155324
3774	-0.039288	-0.155835
3775	-0.039298	-0.156380
3776	-0.039305	-0.156913
3777	-0.039311	-0.157451
3778	-0.039304	-0.157990
3779	-0.039324	-0.158534
3780	-0.039328	-0.159082
3781	-0.039336	-0.159634
3782	-0.039341	-0.160182
3783	-0.039350	-0.160747
3784	-0.039355	-0.161311
3785	-0.039364	-0.161877
3786	-0.039366	-0.162446
3787	-0.039376	-0.163022
3788	-0.039382	-0.163599
3789	-0.039390	-0.164183
3790	-0.039383	-0.164795
3791	-0.039405	-0.165359
3792	-0.039413	-0.165953
3793	-0.039419	-0.166552
3794	-0.039418	-0.167159
3795	-0.039433	-0.167762
3796	-0.039442	-0.168373
3797	-0.039449	-0.168990
3798	-0.039452	-0.169607
3799	-0.039464	-0.170233
3800	-0.039471	-0.170864
3801	-0.039480	-0.171496
3802	-0.039487	-0.172129
3803	-0.039496	-0.172778
3804	-0.039505	-0.173427
3805	-0.039512	-0.174079
3806	-0.039527	-0.174734
3807	-0.039529	-0.175398
3808	-0.039538	-0.176066
3809	-0.039546	-0.176738
3810	-0.039563	-0.177410
3811	-0.039564	-0.178097
3812	-0.039571	-0.178785
3813	-0.039580	-0.179478
3814	-0.039584	-0.180175
3815	-0.039601	-0.180879
3816	-0.039609	-0.181589
3817	-0.039617	-0.182304
3818	-0.039626	-0.183021
3819	-0.039636	-0.183749
3820	-0.039646	-0.184480
3821	-0.039656	-0.185216
3822	-0.039675	-0.185940
3823	-0.039676	-0.186708
3824	-0.039686	-0.187464
3825	-0.039697	-0.188224
3826	-0.039707	-0.188967
3827	-0.039717	-0.189765
3828	-0.039729	-0.190544
3829	-0.039739	-0.191330
3830	-0.039749	-0.192122
3831	-0.039761	-0.192922
3832	-0.039773	-0.193727
3833	-0.039783	-0.194540
3834	-0.039786	-0.195356
3835	-0.039808	-0.196184
3836	-0.039818	-0.197016
3837	-0.039830	-0.197857
3838	-0.039857	-0.198709
3839	-0.039854	-0.199558
3840	-0.039866	-0.200421
3841	-0.039880	-0.201290
3842	-0.039890	-0.202169
3843	-0.039905	-0.203051
3844	-0.039918	-0.203943
3845	-0.039930	-0.204843
3846	-0.039934	-0.205739
3847	-0.039957	-0.206667
3848	-0.039970	-0.207592
3849	-0.039983	-0.208525
3850	-0.039992	-0.209461
3851	-0.040011	-0.210415
3852	-0.040025	-0.211374
3853	-0.040041	-0.212341
3854	-0.040075	-0.213307
3855	-0.040071	-0.214303
3856	-0.040085	-0.215297
3857	-0.040101	-0.216301
3858	-0.040113	-0.217330
3859	-0.040133	-0.218338
3860	-0.040148	-0.219369
3861	-0.040163	-0.220412
3862	-0.040179	-0.221458
3863	-0.040197	-0.222527
3864	-0.040214	-0.223602
3865	-0.040230	-0.224685
3866	-0.040244	-0.225777
3867	-0.040265	-0.226884
3868	-0.040282	-0.228000
3869	-0.040300	-0.229127
3870	-0.040335	-0.230262
3871	-0.040337	-0.231416
3872	-0.040356	-0.232580
3873	-0.040375	-0.233753
3874	-0.040400	-0.234933
3875	-0.040414	-0.236137
3876	-0.040433	-0.237348
3877	-0.040454	-0.238571
3878	-0.040477	-0.239814
3879	-0.040495	-0.241058
3880	-0.040518	-0.242322
3881	-0.040540	-0.243597
3882	-0.040558	-0.244894
3883	-0.040582	-0.246192
3884	-0.040604	-0.247510
3885	-0.040626	-0.248845
3886	-0.040678	-0.250175
3887	-0.040674	-0.251555
3888	-0.040698	-0.252933
3889	-0.040723	-0.254326
3890	-0.040734	-0.255766
3891	-0.040772	-0.257163
3892	-0.040797	-0.258604
3893	-0.040821	-0.260065
3894	-0.040832	-0.261532
3895	-0.040875	-0.263035
3896	-0.040902	-0.264546
3897	-0.040929	-0.266075
3898	-0.040957	-0.267588
3899	-0.040986	-0.269189
3900	-0.041016	-0.270774
3901	-0.041044	-0.272379
3902	-0.041141	-0.274029
3903	-0.041106	-0.275648
3904	-0.041136	-0.277312
3905	-0.041167	-0.278999
3906	-0.041217	-0.280715
3907	-0.041232	-0.282437
3908	-0.041266	-0.284189
3909	-0.041299	-0.285963
3910	-0.041335	-0.287761
3911	-0.041367	-0.289582
3912	-0.041405	-0.291428
3913	-0.041440	-0.293298
3914	-0.041489	-0.295194
3915	-0.041513	-0.297115
3916	-0.041553	-0.299063
3917	-0.041593	-0.301035
3918	-0.041609	-0.303069
3919	-0.041672	-0.305067
3920	-0.041714	-0.307126
3921	-0.041756	-0.309215
3922	-0.041800	-0.311329
3923	-0.041841	-0.313480
3924	-0.041886	-0.315659
3925	-0.041932	-0.317871
3926	-0.041987	-0.320122
3927	-0.042026	-0.322394
3928	-0.042074	-0.324708
3929	-0.042123	-0.327055
3930	-0.042173	-0.329441
3931	-0.042224	-0.331861
3932	-0.042277	-0.334318
3933	-0.042330	-0.336815
3934	-0.042370	-0.339364
3935	-0.042440	-0.341934
3936	-0.042498	-0.344554
3937	-0.042555	-0.347217
3938	-0.042624	-0.349914
3939	-0.042675	-0.352677
3940	-0.042738	-0.355475
3941	-0.042801	-0.358321
3942	-0.042873	-0.361218
3943	-0.042932	-0.364164
3944	-0.043000	-0.367160
3945	-0.043069	-0.370212
3946	-0.043147	-0.373317
3947	-0.043214	-0.376479
3948	-0.043289	-0.379699
3949	-0.043365	-0.382979
3950	-0.043426	-0.386327
3951	-0.043523	-0.389722
3952	-0.043605	-0.393193
3953	-0.043690	-0.396727
3954	-0.043772	-0.400309
3955	-0.043863	-0.404007
3956	-0.043954	-0.407757
3957	-0.044048	-0.411583
3958	-0.044146	-0.415486
3959	-0.044242	-0.419473
3960	-0.044342	-0.423540
3961	-0.044444	-0.427694
3962	-0.044558	-0.431943
3963	-0.044660	-0.436275
3964	-0.044773	-0.440706
3965	-0.044888	-0.445238
3966	-0.045007	-0.449891
3967	-0.045129	-0.454611
3968	-0.045253	-0.459462
3969	-0.045382	-0.464424
3970	-0.045515	-0.469507
3971	-0.045654	-0.474713
3972	-0.045795	-0.480045
3973	-0.045941	-0.485512
3974	-0.046093	-0.491125
3975	-0.046246	-0.496865
3976	-0.046407	-0.502762
3977	-0.046571	-0.508816
3978	-0.046748	-0.515030
3979	-0.046919	-0.521420
3980	-0.047100	-0.527981
3981	-0.047288	-0.534730
3982	-0.047482	-0.541672
3983	-0.047686	-0.548815
3984	-0.047897	-0.556170
3985	-0.048112	-0.563745
3986	-0.048338	-0.571558
3987	-0.048570	-0.579605
3988	-0.048814	-0.587915
3989	-0.049064	-0.596492
3990	-0.049341	-0.605347
3991	-0.049596	-0.614510
3992	-0.049880	-0.623985
3993	-0.050175	-0.633786
3994	-0.050503	-0.643952
3995	-0.050802	-0.654464
3996	-0.051136	-0.665378
3997	-0.051484	-0.676709
3998	-0.051858	-0.688507
3999	-0.052230	-0.700717
4000	-0.052629	-0.713454
4001	-0.053048	-0.726720
4002	-0.053468	-0.740557
4003	-0.053946	-0.754987
4004	-0.054430	-0.770071
4005	-0.054941	-0.785843
4006	-0.055467	-0.802358
4007	-0.056043	-0.819683
4008	-0.056638	-0.837863
4009	-0.057272	-0.856977
4010	-0.057939	-0.877105
4011	-0.058651	-0.898311
4012	-0.059402	-0.920710
4013	-0.060205	-0.944406
4014	-0.061067	-0.969526
4015	-0.061973	-0.996176
4016	-0.062947	-1.024538
4017	-0.063994	-1.054779
4018	-0.065113	-1.087083
4019	-0.066328	-1.121722
4020	-0.067634	-1.158916
4021	-0.069051	-1.198986
4022	-0.070588	-1.242292
4023	-0.072264	-1.289246
4024	-0.074097	-1.340351
4025	-0.076111	-1.396193
4026	-0.078331	-1.457482
4027	-0.080791	-1.525071
4028	-0.083531	-1.600010
4029	-0.086598	-1.683591
4030	-0.090082	-1.777476
4031	-0.093990	-1.883582
4032	-0.098489	-2.004670
4033	-0.103693	-2.144146
4034	-0.109782	-2.306610
4035	-0.116981	-2.498297
4036	-0.125641	-2.728015
4037	-0.136244	-3.008430
4038	-0.149519	-3.358586
4039	-0.166617	-3.808356
4040	-0.189451	-4.407688
4041	-0.221474	-5.246498
4042	-0.269598	-6.504941
4043	-0.349995	-8.604199
4044	-0.511367	-12.813360
4045	-0.999664	-25.540131
4046	78.500992	2045.741943
4047	0.918730	24.431152
4048	0.448008	12.161962
4049	0.289896	8.037300
4050	0.210653	5.967360
4051	0.163074	4.722192
4052	0.131357	3.890288
4053	0.108721	3.294795
4054	0.091758	2.847186
4055	0.078599	2.498169
4056	0.068088	2.218219
4057	0.059510	1.988489
4058	0.052383	1.796420
4059	0.046374	1.633301
4060	0.041242	1.492923
4061	0.036814	1.370722
4062	0.032957	1.263327
4063	0.029575	1.167968
4064	0.026589	1.082753
4065	0.023933	1.006026
4066	0.021555	0.936509
4067	0.019430	0.873118
4068	0.017511	0.815037
4069	0.015778	0.761545
4070	0.014210	0.712059
4071	0.012780	0.666063
4072	0.011479	0.623152
4073	0.010290	0.582962
4074	0.009208	0.545192
4075	0.008213	0.509542
4076	0.007305	0.475813
4077	0.006474	0.443788
4078	0.005702	0.413301
4079	0.005015	0.384157
4080	0.004377	0.356247
4081	0.003795	0.329435
4082	0.003262	0.303668
4083	0.002783	0.278658
4084	0.002348	0.254496
4085	0.001953	0.231035
4086	0.001604	0.208201
4087	0.001288	0.185906
4088	0.001012	0.164097
4089	0.000771	0.142707
4090	0.000571	0.121681
4091	0.000392	0.100946
4092	0.000252	0.080466
4093	0.000143	0.060179
4094	0.000065	0.040040
4095	0.000019	0.019996
