0	0.000007	0.000000
1	0.000017	-0.019997
2	0.000064	-0.040039
3	0.000143	-0.060180
4	0.000252	-0.080465
5	0.000392	-0.100947
6	0.000575	-0.121653
7	0.000770	-0.142706
8	0.001012	-0.164097
9	0.001287	-0.185905
10	0.001604	-0.208193
11	0.001953	-0.231036
12	0.002348	-0.254495
13	0.002782	-0.278658
14	0.003288	-0.303579
15	0.003798	-0.329436
16	0.004379	-0.356247
17	0.005014	-0.384159
18	0.005708	-0.413282
19	0.006475	-0.443788
20	0.007305	-0.475812
21	0.008213	-0.509541
22	0.009168	-0.545158
23	0.010291	-0.582960
24	0.011479	-0.623151
25	0.012779	-0.666062
26	0.014207	-0.712052
27	0.015778	-0.761545
28	0.017511	-0.815037
29	0.019429	-0.873119
30	0.021535	-0.936501
31	0.023934	-1.006024
32	0.026588	-1.082752
33	0.029575	-1.167966
34	0.032958	-1.263270
35	0.036815	-1.370723
36	0.041241	-1.492923
37	0.046373	-1.633301
38	0.052380	-1.796413
39	0.059509	-1.988487
40	0.068088	-2.218219
41	0.078596	-2.498169
42	0.091760	-2.847162
43	0.108720	-3.294796
44	0.131355	-3.890290
45	0.163075	-4.722191
46	0.210646	-5.967326
47	0.289895	-8.037302
48	0.448007	-12.161963
49	0.918724	-24.431152
50	78.500473	-2045.741821
51	-0.999658	25.540131
52	-0.511365	12.813360
53	-0.349992	8.604200
54	-0.269620	6.504907
55	-0.221473	5.246496
56	-0.189448	4.407688
57	-0.166617	3.808354
58	-0.149511	3.358562
59	-0.136242	3.008429
60	-0.125640	2.728017
61	-0.116979	2.498296
62	-0.109788	2.306589
63	-0.103692	2.144146
64	-0.098488	2.004670
65	-0.093989	1.883582
66	-0.090056	1.777420
67	-0.086596	1.683592
68	-0.083530	1.600010
69	-0.080790	1.525070
70	-0.078337	1.457473
71	-0.076110	1.396194
72	-0.074097	1.340352
73	-0.072265	1.289246
74	-0.070591	1.242285
75	-0.069050	1.198986
76	-0.067634	1.158915
77	-0.066327	1.121722
78	-0.065125	1.087108
79	-0.063993	1.054781
80	-0.062947	1.024538
81	-0.061969	0.996178
82	-0.061059	0.969512
83	-0.060204	0.944406
84	-0.059402	0.920712
85	-0.058651	0.898311
86	-0.057929	0.877089
87	-0.057273	0.856975
88	-0.056640	0.837864
89	-0.056042	0.819682
90	-0.055476	0.802363
91	-0.054941	0.785841
92	-0.054430	0.770070
93	-0.053947	0.754987
94	-0.053494	0.740561
95	-0.053047	0.726719
96	-0.052630	0.713453
97	-0.052230	0.700718
98	-0.051854	0.688481
99	-0.051484	0.676709
100	-0.051135	0.665377
101	-0.050803	0.654464
102	-0.050463	0.643945
103	-0.050176	0.633786
104	-0.049880	0.623985
105	-0.049598	0.614509
106	-0.049327	0.605354
107	-0.049063	0.596495
108	-0.048814	0.587915
109	-0.048570	0.579603
110	-0.048347	0.571558
111	-0.048111	0.563744
112	-0.047897	0.556171
113	-0.047685	0.548813
114	-0.047468	0.541655
115	-0.047288	0.534731
116	-0.047099	0.527980
117	-0.046920	0.521422
118	-0.046738	0.515042
119	-0.046573	0.508816
120	-0.046408	0.502764
121	-0.046247	0.496866
122	-0.046086	0.491123
123	-0.045940	0.485513
124	-0.045794	0.480044
125	-0.045654	0.474712
126	-0.045522	0.469521
127	-0.045382	0.464426
128	-0.045254	0.459462
129	-0.045129	0.454609
130	-0.045002	0.449867
131	-0.044889	0.445237
132	-0.044772	0.440707
133	-0.044661	0.436274
134	-0.044560	0.431944
135	-0.044444	0.427694
136	-0.044342	0.423541
137	-0.044242	0.419471
138	-0.044143	0.415478
139	-0.044049	0.411584
140	-0.043953	0.407758
141	-0.043860	0.404008
142	-0.043780	0.400339
143	-0.043690	0.396727
144	-0.043605	0.393194
145	-0.043524	0.389722
146	-0.043441	0.386321
147	-0.043365	0.382978
148	-0.043289	0.379699
149	-0.043214	0.376481
150	-0.043155	0.373314
151	-0.043068	0.370214
152	-0.043000	0.367161
153	-0.042933	0.364164
154	-0.042865	0.361222
155	-0.042799	0.358321
156	-0.042738	0.355475
157	-0.042674	0.352676
158	-0.042623	0.349922
159	-0.042555	0.347216
160	-0.042498	0.344554
161	-0.042439	0.341935
162	-0.042384	0.339354
163	-0.042328	0.336814
164	-0.042277	0.334318
165	-0.042225	0.331862
166	-0.042174	0.329453
167	-0.042123	0.327055
168	-0.042076	0.324709
169	-0.042026	0.322392
170	-0.041986	0.320114
171	-0.041932	0.317870
172	-0.041886	0.315660
173	-0.041842	0.313480
174	-0.041818	0.311315
175	-0.041754	0.309215
176	-0.041715	0.307124
177	-0.041673	0.305065
178	-0.041620	0.303027
179	-0.041595	0.301035
180	-0.041553	0.299063
181	-0.041514	0.297114
182	-0.041471	0.295189
183	-0.041439	0.293296
184	-0.041406	0.291427
185	-0.041368	0.289580
186	-0.041329	0.287757
187	-0.041298	0.285963
188	-0.041266	0.284190
189	-0.041231	0.282437
190	-0.041213	0.280714
191	-0.041167	0.279000
192	-0.041135	0.277313
193	-0.041105	0.275647
194	-0.041078	0.274001
195	-0.041044	0.272378
196	-0.041016	0.270775
197	-0.040988	0.269189
198	-0.040950	0.267615
199	-0.040929	0.266072
200	-0.040901	0.264546
201	-0.040877	0.263035
202	-0.040838	0.261541
203	-0.040823	0.260064
204	-0.040796	0.258605
205	-0.040773	0.257164
206	-0.040753	0.255740
207	-0.040722	0.254327
208	-0.040698	0.252933
209	-0.040673	0.251555
210	-0.040653	0.250192
211	-0.040627	0.248844
212	-0.040605	0.247509
213	-0.040581	0.246192
214	-0.040572	0.244893
215	-0.040541	0.243598
216	-0.040518	0.242320
217	-0.040495	0.241057
218	-0.040474	0.239810
219	-0.040455	0.238572
220	-0.040434	0.237348
221	-0.040412	0.236136
222	-0.040393	0.234931
223	-0.040375	0.233755
224	-0.040357	0.232579
225	-0.040336	0.231416
226	-0.040316	0.230271
227	-0.040302	0.229127
228	-0.040282	0.228000
229	-0.040265	0.226884
230	-0.040257	0.225789
231	-0.040230	0.224686
232	-0.040214	0.223602
233	-0.040195	0.222527
234	-0.040178	0.221457
235	-0.040164	0.220411
236	-0.040148	0.219369
237	-0.040133	0.218337
238	-0.040148	0.217304
239	-0.040101	0.216300
240	-0.040084	0.215296
241	-0.040074	0.214303
242	-0.040047	0.213323
243	-0.040039	0.212343
244	-0.040026	0.211374
245	-0.040011	0.210416
246	-0.039996	0.209425
247	-0.039982	0.208525
248	-0.039970	0.207591
249	-0.039956	0.206666
250	-0.039937	0.205749
251	-0.039932	0.204843
252	-0.039918	0.203943
253	-0.039907	0.203053
254	-0.039862	0.202153
255	-0.039881	0.201291
256	-0.039867	0.200421
257	-0.039852	0.199558
258	-0.039841	0.198705
259	-0.039830	0.197856
260	-0.039818	0.197017
261	-0.039807	0.196182
262	-0.039783	0.195362
263	-0.039782	0.194540
264	-0.039773	0.193726
265	-0.039759	0.192921
266	-0.039747	0.192120
267	-0.039737	0.191331
268	-0.039730	0.190544
269	-0.039716	0.189768
270	-0.039708	0.188992
271	-0.039698	0.188225
272	-0.039686	0.187465
273	-0.039675	0.186707
274	-0.039668	0.185961
275	-0.039656	0.185213
276	-0.039646	0.184480
277	-0.039634	0.183748
278	-0.039619	0.183019
279	-0.039615	0.182302
280	-0.039608	0.181589
281	-0.039604	0.180880
282	-0.039591	0.180181
283	-0.039579	0.179479
284	-0.039571	0.178786
285	-0.039564	0.178096
286	-0.039560	0.177416
287	-0.039548	0.176738
288	-0.039538	0.176066
289	-0.039531	0.175399
290	-0.039524	0.174732
291	-0.039513	0.174080
292	-0.039505	0.173427
293	-0.039496	0.172776
294	-0.039485	0.172125
295	-0.039480	0.171496
296	-0.039471	0.170863
297	-0.039465	0.170231
298	-0.039451	0.169612
299	-0.039451	0.168991
300	-0.039443	0.168372
301	-0.039433	0.167762
302	-0.039424	0.167153
303	-0.039419	0.166552
304	-0.039413	0.165952
305	-0.039405	0.165359
306	-0.039426	0.164758
307	-0.039390	0.164184
308	-0.039381	0.163601
309	-0.039376	0.163022
310	-0.039358	0.162440
311	-0.039362	0.161877
312	-0.039355	0.161311
313	-0.039351	0.160748
314	-0.039335	0.160175
315	-0.039337	0.159632
316	-0.039327	0.159082
317	-0.039324	0.158533
318	-0.039307	0.157984
319	-0.039311	0.157449
320	-0.039305	0.156913
321	-0.039298	0.156380
322	-0.039295	0.155850
323	-0.039284	0.155322
324	-0.039282	0.154800
325	-0.039275	0.154281
326	-0.039255	0.153765
327	-0.039264	0.153249
328	-0.039258	0.152742
329	-0.039253	0.152237
330	-0.039250	0.151726
331	-0.039239	0.151231
332	-0.039235	0.150736
333	-0.039231	0.150244
334	-0.039213	0.149761
335	-0.039219	0.149264
336	-0.039212	0.148777
337	-0.039207	0.148297
338	-0.039195	0.147825
339	-0.039201	0.147341
340	-0.039192	0.146872
341	-0.039187	0.146401
342	-0.039181	0.145918
343	-0.039178	0.145470
344	-0.039172	0.145008
345	-0.039170	0.144548
346	-0.039166	0.144113
347	-0.039160	0.143639
348	-0.039153	0.143189
349	-0.039148	0.142741
350	-0.039134	0.142300
351	-0.039140	0.141856
352	-0.039137	0.141415
353	-0.039128	0.140979
354	-0.039140	0.140551
355	-0.039125	0.140110
356	-0.039117	0.139682
357	-0.039112	0.139253
358	-0.039102	0.138835
359	-0.039103	0.138404
360	-0.039097	0.137986
361	-0.039094	0.137569
362	-0.039087	0.137151
363	-0.039090	0.136743
364	-0.039083	0.136331
365	-0.039080	0.135924
366	-0.039073	0.135518
367	-0.039067	0.135112
368	-0.039066	0.134714
369	-0.039064	0.134315
370	-0.039090	0.133906
371	-0.039051	0.133524
372	-0.039052	0.133131
373	-0.039045	0.132741
374	-0.039037	0.132360
375	-0.039038	0.131966
376	-0.039037	0.131584
377	-0.039034	0.131200
378	-0.039031	0.130835
379	-0.039023	0.130444
380	-0.039022	0.130069
381	-0.039016	0.129695
382	-0.039019	0.129334
383	-0.039011	0.128954
384	-0.039007	0.128586
385	-0.039003	0.128223
386	-0.038996	0.127862
387	-0.038996	0.127497
388	-0.038993	0.127137
389	-0.038988	0.126777
390	-0.038981	0.126421
391	-0.038982	0.126068
392	-0.038978	0.125716
393	-0.038975	0.125365
394	-0.038977	0.125026
395	-0.038970	0.124669
396	-0.038965	0.124323
397	-0.038962	0.123978
398	-0.038962	0.123637
399	-0.038955	0.123297
400	-0.038953	0.122960
401	-0.038950	0.122624
402	-0.038951	0.122288
403	-0.038944	0.121960
404	-0.038942	0.121626
405	-0.038937	0.121294
406	-0.038938	0.120966
407	-0.038935	0.120638
408	-0.038931	0.120316
409	-0.038927	0.119995
410	-0.038926	0.119674
411	-0.038920	0.119353
412	-0.038918	0.119032
413	-0.038913	0.118716
414	-0.038913	0.118395
415	-0.038908	0.118086
416	-0.038908	0.117774
417	-0.038903	0.117462
418	-0.038907	0.117156
419	-0.038901	0.116848
420	-0.038896	0.116540
421	-0.038894	0.116237
422	-0.038884	0.115929
423	-0.038888	0.115629
424	-0.038886	0.115328
425	-0.038886	0.115028
426	-0.038886	0.114721
427	-0.038878	0.114434
428	-0.038879	0.114139
429	-0.038872	0.113845
430	-0.038870	0.113551
431	-0.038868	0.113264
432	-0.038865	0.112972
433	-0.038864	0.112688
434	-0.038873	0.112401
435	-0.038856	0.112116
436	-0.038857	0.111830
437	-0.038856	0.111544
438	-0.038846	0.111259
439	-0.038851	0.110984
440	-0.038847	0.110706
441	-0.038846	0.110429
442	-0.038839	0.110149
443	-0.038841	0.109876
444	-0.038837	0.109604
445	-0.038833	0.109330
446	-0.038829	0.109062
447	-0.038830	0.108790
448	-0.038830	0.108519
449	-0.038827	0.108253
450	-0.038825	0.107989
451	-0.038823	0.107719
452	-0.038821	0.107454
453	-0.038818	0.107191
454	-0.038826	0.106929
455	-0.038811	0.106668
456	-0.038811	0.106409
457	-0.038812	0.106149
458	-0.038815	0.105890
459	-0.038807	0.105635
460	-0.038803	0.105381
461	-0.038803	0.105122
462	-0.038879	0.105026
463	-0.038798	0.104622
464	-0.038797	0.104372
465	-0.038793	0.104119
466	-0.038786	0.103876
467	-0.038790	0.103626
468	-0.038789	0.103378
469	-0.038788	0.103131
470	-0.038774	0.102892
471	-0.038783	0.102641
472	-0.038781	0.102401
473	-0.038781	0.102160
474	-0.038779	0.101917
475	-0.038774	0.101680
476	-0.038773	0.101440
477	-0.038771	0.101202
478	-0.038775	0.100975
479	-0.038771	0.100731
480	-0.038765	0.100497
481	-0.038763	0.100263
482	-0.038759	0.100028
483	-0.038761	0.099797
484	-0.038759	0.099568
485	-0.038758	0.099338
486	-0.038752	0.099112
487	-0.038753	0.098880
488	-0.038752	0.098653
489	-0.038751	0.098428
490	-0.038750	0.098206
491	-0.038746	0.097978
492	-0.038746	0.097754
493	-0.038745	0.097534
494	-0.038738	0.097304
495	-0.038740	0.097090
496	-0.038738	0.096868
497	-0.038738	0.096651
498	-0.038756	0.096377
499	-0.038733	0.096216
500	-0.038733	0.095997
501	-0.038732	0.095781
502	-0.038726	0.095560
503	-0.038728	0.095355
504	-0.038728	0.095143
505	-0.038724	0.094930
506	-0.038715	0.094718
507	-0.038723	0.094506
508	-0.038722	0.094296
509	-0.038719	0.094086
510	-0.038716	0.093877
511	-0.038714	0.093673
512	-0.038714	0.093466
513	-0.038711	0.093261
514	-0.038711	0.093056
515	-0.038709	0.092851
516	-0.038708	0.092645
517	-0.038707	0.092443
518	-0.038703	0.092245
519	-0.038704	0.092039
520	-0.038702	0.091840
521	-0.038700	0.091640
522	-0.038695	0.091440
523	-0.038700	0.091243
524	-0.038695	0.091044
525	-0.038697	0.090848
526	-0.038681	0.090624
527	-0.038694	0.090457
528	-0.038692	0.090263
529	-0.038691	0.090069
530	-0.038688	0.089875
531	-0.038687	0.089683
532	-0.038686	0.089492
533	-0.038687	0.089298
534	-0.038663	0.089132
535	-0.038684	0.088916
536	-0.038683	0.088730
537	-0.038682	0.088544
538	-0.038679	0.088353
539	-0.038677	0.088168
540	-0.038678	0.087980
541	-0.038674	0.087796
542	-0.038671	0.087616
543	-0.038671	0.087427
544	-0.038672	0.087244
545	-0.038672	0.087061
546	-0.038676	0.086880
547	-0.038668	0.086697
548	-0.038665	0.086515
549	-0.038666	0.086332
550	-0.038685	0.086177
551	-0.038664	0.085975
552	-0.038662	0.085798
553	-0.038661	0.085619
554	-0.038660	0.085441
555	-0.038658	0.085263
556	-0.038660	0.085088
557	-0.038656	0.084915
558	-0.038654	0.084726
559	-0.038653	0.084565
560	-0.038655	0.084390
561	-0.038653	0.084215
562	-0.038651	0.084015
563	-0.038653	0.083873
564	-0.038651	0.083704
565	-0.038650	0.083530
566	-0.038640	0.083366
567	-0.038646	0.083191
568	-0.038645	0.083020
569	-0.038644	0.082854
570	-0.038641	0.082678
571	-0.038642	0.082517
572	-0.038641	0.082352
573	-0.038641	0.082184
574	-0.038644	0.082024
575	-0.038640	0.081854
576	-0.038636	0.081691
577	-0.038634	0.081526
578	-0.038631	0.081355
579	-0.038634	0.081199
580	-0.038634	0.081039
581	-0.038630	0.080877
582	-0.038628	0.080703
583	-0.038629	0.080553
584	-0.038631	0.080394
585	-0.038626	0.080234
586	-0.038624	0.080074
587	-0.038628	0.079914
588	-0.038626	0.079760
589	-0.038624	0.079599
590	-0.038642	0.079468
591	-0.038621	0.079284
592	-0.038620	0.079130
593	-0.038619	0.078973
594	-0.038623	0.078816
595	-0.038617	0.078665
596	-0.038616	0.078511
597	-0.038616	0.078358
598	-0.038622	0.078216
599	-0.038616	0.078052
600	-0.038615	0.077899
601	-0.038614	0.077748
602	-0.038619	0.077599
603	-0.038611	0.077443
604	-0.038609	0.077295
605	-0.038610	0.077144
606	-0.038609	0.077001
607	-0.038605	0.076846
608	-0.038606	0.076699
609	-0.038606	0.076550
610	-0.038604	0.076405
611	-0.038604	0.076256
612	-0.038602	0.076109
613	-0.038604	0.075963
614	-0.038606	0.075811
615	-0.038600	0.075673
616	-0.038600	0.075526
617	-0.038599	0.075380
618	-0.038608	0.075235
619	-0.038597	0.075095
620	-0.038597	0.074952
621	-0.038594	0.074809
622	-0.038608	0.074660
623	-0.038594	0.074525
624	-0.038596	0.074385
625	-0.038594	0.074244
626	-0.038565	0.074034
627	-0.038594	0.073964
628	-0.038589	0.073821
629	-0.038590	0.073684
630	-0.038587	0.073549
631	-0.038586	0.073404
632	-0.038588	0.073269
633	-0.038585	0.073130
634	-0.038597	0.072988
635	-0.038584	0.072859
636	-0.038585	0.072724
637	-0.038583	0.072584
638	-0.038579	0.072452
639	-0.038581	0.072315
640	-0.038582	0.072180
641	-0.038579	0.072045
642	-0.038582	0.071907
643	-0.038578	0.071779
644	-0.038577	0.071644
645	-0.038576	0.071515
646	-0.038581	0.071382
647	-0.038576	0.071244
648	-0.038575	0.071116
649	-0.038577	0.070985
650	-0.038568	0.070847
651	-0.038572	0.070722
652	-0.038571	0.070592
653	-0.038571	0.070463
654	-0.038593	0.070332
655	-0.038570	0.070205
656	-0.038571	0.070077
657	-0.038570	0.069947
658	-0.038569	0.069820
659	-0.038566	0.069693
660	-0.038568	0.069565
661	-0.038564	0.069438
662	-0.038565	0.069306
663	-0.038566	0.069187
664	-0.038565	0.069060
665	-0.038564	0.068935
666	-0.038565	0.068809
667	-0.038565	0.068684
668	-0.038561	0.068561
669	-0.038561	0.068436
670	-0.038561	0.068314
671	-0.038560	0.068188
672	-0.038559	0.068067
673	-0.038559	0.067941
674	-0.038555	0.067824
675	-0.038559	0.067699
676	-0.038556	0.067578
677	-0.038557	0.067455
678	-0.038560	0.067335
679	-0.038555	0.067215
680	-0.038553	0.067094
681	-0.038552	0.066971
682	-0.038547	0.066857
683	-0.038555	0.066734
684	-0.038552	0.066616
685	-0.038550	0.066495
686	-0.038544	0.066380
687	-0.038550	0.066262
688	-0.038549	0.066142
689	-0.038546	0.066026
690	-0.038517	0.065924
691	-0.038550	0.065793
692	-0.038547	0.065675
693	-0.038545	0.065559
694	-0.038549	0.065445
695	-0.038541	0.065326
696	-0.038546	0.065212
697	-0.038544	0.065100
698	-0.038534	0.064982
699	-0.038540	0.064866
700	-0.038541	0.064754
701	-0.038542	0.064638
702	-0.038533	0.064526
703	-0.038543	0.064414
704	-0.038539	0.064300
705	-0.038540	0.064188
706	-0.038541	0.064075
707	-0.038538	0.063961
708	-0.038537	0.063852
709	-0.038537	0.063740
710	-0.038534	0.063631
711	-0.038535	0.063518
712	-0.038537	0.063406
713	-0.038534	0.063295
714	-0.038537	0.063192
715	-0.038537	0.063078
716	-0.038534	0.062969
717	-0.038531	0.062860
718	-0.038516	0.062753
719	-0.038532	0.062641
720	-0.038530	0.062532
721	-0.038530	0.062423
722	-0.038525	0.062322
723	-0.038530	0.062208
724	-0.038528	0.062102
725	-0.038529	0.061995
726	-0.038535	0.061888
727	-0.038529	0.061781
728	-0.038527	0.061676
729	-0.038528	0.061571
730	-0.038527	0.061463
731	-0.038525	0.061359
732	-0.038526	0.061253
733	-0.038528	0.061150
734	-0.038528	0.061042
735	-0.038525	0.060941
736	-0.038521	0.060835
737	-0.038522	0.060731
738	-0.038522	0.060624
739	-0.038522	0.060524
740	-0.038522	0.060423
741	-0.038522	0.060318
742	-0.038526	0.060215
743	-0.038520	0.060115
744	-0.038521	0.060011
745	-0.038519	0.059908
746	-0.038514	0.059805
747	-0.038517	0.059706
748	-0.038520	0.059607
749	-0.038517	0.059505
750	-0.038519	0.059412
751	-0.038516	0.059304
752	-0.038517	0.059204
753	-0.038513	0.059103
754	-0.038499	0.058976
755	-0.038515	0.058905
756	-0.038513	0.058805
757	-0.038516	0.058706
758	-0.038519	0.058607
759	-0.038516	0.058510
760	-0.038512	0.058411
761	-0.038514	0.058315
762	-0.038508	0.058215
763	-0.038511	0.058118
764	-0.038511	0.058019
765	-0.038510	0.057925
766	-0.038518	0.057830
767	-0.038509	0.057730
768	-0.038508	0.057633
769	-0.038508	0.057538
770	-0.038511	0.057447
771	-0.038506	0.057344
772	-0.038505	0.057250
773	-0.038507	0.057155
774	-0.038511	0.057049
775	-0.038506	0.056966
776	-0.038505	0.056869
777	-0.038504	0.056775
778	-0.038499	0.056678
779	-0.038505	0.056585
780	-0.038503	0.056494
781	-0.038503	0.056398
782	-0.038488	0.056319
783	-0.038505	0.056213
784	-0.038503	0.056120
785	-0.038504	0.056030
786	-0.038496	0.055931
787	-0.038504	0.055841
788	-0.038501	0.055749
789	-0.038501	0.055658
790	-0.038507	0.055571
791	-0.038500	0.055475
792	-0.038500	0.055384
793	-0.038499	0.055292
794	-0.038508	0.055202
795	-0.038501	0.055111
796	-0.038499	0.055022
797	-0.038499	0.054929
798	-0.038506	0.054838
799	-0.038497	0.054749
800	-0.038496	0.054659
801	-0.038495	0.054572
802	-0.038500	0.054481
803	-0.038496	0.054392
804	-0.038495	0.054302
805	-0.038495	0.054215
806	-0.038498	0.054128
807	-0.038496	0.054039
808	-0.038494	0.053949
809	-0.038492	0.053863
810	-0.038489	0.053774
811	-0.038493	0.053684
812	-0.038493	0.053599
813	-0.038492	0.053513
814	-0.038495	0.053429
815	-0.038490	0.053339
816	-0.038490	0.053253
817	-0.038491	0.053166
818	-0.038470	0.053102
819	-0.038491	0.052993
820	-0.038490	0.052908
821	-0.038490	0.052821
822	-0.038487	0.052739
823	-0.038488	0.052653
824	-0.038489	0.052565
825	-0.038489	0.052480
826	-0.038488	0.052396
827	-0.038487	0.052313
828	-0.038486	0.052228
829	-0.038486	0.052142
830	-0.038499	0.052052
831	-0.038485	0.051977
832	-0.038483	0.051891
833	-0.038484	0.051811
834	-0.038492	0.051726
835	-0.038483	0.051641
836	-0.038484	0.051557
837	-0.038483	0.051476
838	-0.038485	0.051375
839	-0.038482	0.051310
840	-0.038484	0.051227
841	-0.038484	0.051147
842	-0.038475	0.051060
843	-0.038481	0.050983
844	-0.038481	0.050900
845	-0.038482	0.050820
846	-0.038441	0.050726
847	-0.038479	0.050658
848	-0.038480	0.050576
849	-0.038479	0.050495
850	-0.038477	0.050416
851	-0.038479	0.050333
852	-0.038479	0.050254
853	-0.038478	0.050172
854	-0.038478	0.050096
855	-0.038477	0.050013
856	-0.038478	0.049932
857	-0.038477	0.049853
858	-0.038474	0.049771
859	-0.038477	0.049694
860	-0.038477	0.049618
861	-0.038477	0.049536
862	-0.038476	0.049456
863	-0.038476	0.049380
864	-0.038475	0.049302
865	-0.038475	0.049221
866	-0.038479	0.049140
867	-0.038475	0.049067
868	-0.038473	0.048989
869	-0.038474	0.048913
870	-0.038466	0.048837
871	-0.038472	0.048756
872	-0.038473	0.048680
873	-0.038474	0.048603
874	-0.038466	0.048525
875	-0.038472	0.048446
876	-0.038472	0.048373
877	-0.038473	0.048294
878	-0.038475	0.048221
879	-0.038470	0.048140
880	-0.038471	0.048068
881	-0.038470	0.047991
882	-0.038469	0.047930
883	-0.038471	0.047838
884	-0.038468	0.047765
885	-0.038473	0.047689
886	-0.038470	0.047608
887	-0.038468	0.047538
888	-0.038469	0.047464
889	-0.038468	0.047392
890	-0.038470	0.047315
891	-0.038466	0.047243
892	-0.038466	0.047167
893	-0.038466	0.047095
894	-0.038460	0.047014
895	-0.038468	0.046948
896	-0.038466	0.046870
897	-0.038466	0.046798
898	-0.038468	0.046729
899	-0.038464	0.046650
900	-0.038463	0.046578
901	-0.038466	0.046506
902	-0.038463	0.046434
903	-0.038464	0.046363
904	-0.038466	0.046289
905	-0.038466	0.046215
906	-0.038462	0.046138
907	-0.038464	0.046071
908	-0.038464	0.046000
909	-0.038463	0.045926
910	-0.038463	0.045875
911	-0.038463	0.045781
912	-0.038463	0.045710
913	-0.038460	0.045640
914	-0.038462	0.045566
915	-0.038461	0.045497
916	-0.038461	0.045425
917	-0.038460	0.045353
918	-0.038456	0.045282
919	-0.038463	0.045213
920	-0.038461	0.045143
921	-0.038461	0.045071
922	-0.038462	0.045006
923	-0.038458	0.044932
924	-0.038459	0.044864
925	-0.038457	0.044793
926	-0.038458	0.044719
927	-0.038458	0.044654
928	-0.038457	0.044584
929	-0.038458	0.044512
930	-0.038456	0.044445
931	-0.038457	0.044374
932	-0.038457	0.044306
933	-0.038455	0.044240
934	-0.038459	0.044169
935	-0.038458	0.044102
936	-0.038456	0.044032
937	-0.038457	0.043964
938	-0.038452	0.043901
939	-0.038457	0.043828
940	-0.038456	0.043760
941	-0.038453	0.043691
942	-0.038454	0.043628
943	-0.038455	0.043557
944	-0.038455	0.043488
945	-0.038455	0.043423
946	-0.038454	0.043381
947	-0.038453	0.043286
948	-0.038454	0.043217
949	-0.038454	0.043152
950	-0.038455	0.043080
951	-0.038453	0.043016
952	-0.038452	0.042953
953	-0.038452	0.042884
954	-0.038454	0.042829
955	-0.038452	0.042756
956	-0.038451	0.042687
957	-0.038451	0.042620
958	-0.038452	0.042555
959	-0.038451	0.042488
960	-0.038451	0.042425
961	-0.038449	0.042359
962	-0.038448	0.042298
963	-0.038450	0.042227
964	-0.038451	0.042164
965	-0.038449	0.042097
966	-0.038446	0.042036
967	-0.038447	0.041965
968	-0.038448	0.041903
969	-0.038450	0.041837
970	-0.038448	0.041779
971	-0.038448	0.041709
972	-0.038448	0.041643
973	-0.038448	0.041582
974	-0.038483	0.041519
975	-0.038447	0.041451
976	-0.038449	0.041387
977	-0.038447	0.041324
978	-0.038451	0.041257
979	-0.038445	0.041198
980	-0.038447	0.041134
981	-0.038447	0.041069
982	-0.038455	0.041007
983	-0.038445	0.040943
984	-0.038447	0.040879
985	-0.038446	0.040817
986	-0.038444	0.040746
987	-0.038447	0.040693
988	-0.038448	0.040629
989	-0.038448	0.040568
990	-0.038441	0.040496
991	-0.038445	0.040441
992	-0.038443	0.040380
993	-0.038445	0.040317
994	-0.038442	0.040250
995	-0.038444	0.040194
996	-0.038444	0.040132
997	-0.038443	0.040068
998	-0.038444	0.040008
999	-0.038444	0.039946
1000	-0.038443	0.039885
1001	-0.038441	0.039825
1002	-0.038447	0.039760
1003	-0.038442	0.039701
1004	-0.038440	0.039640
1005	-0.038441	0.039581
1006	-0.038443	0.039516
1007	-0.038441	0.039457
1008	-0.038440	0.039397
1009	-0.038442	0.039336
1010	-0.038475	0.039273
1011	-0.038444	0.039215
1012	-0.038441	0.039156
1013	-0.038441	0.039094
1014	-0.038441	0.039036
1015	-0.038440	0.038972
1016	-0.038439	0.038915
1017	-0.038440	0.038856
1018	-0.038440	0.038792
1019	-0.038437	0.038737
1020	-0.038438	0.038674
1021	-0.038440	0.038615
1022	-0.038438	0.038555
1023	-0.038439	0.038498
1024	-0.038437	0.038436
1025	-0.038437	0.038378
1026	-0.038438	0.038321
1027	-0.038440	0.038257
1028	-0.038435	0.038202
1029	-0.038439	0.038147
1030	-0.038441	0.038080
1031	-0.038439	0.038027
1032	-0.038439	0.037969
1033	-0.038439	0.037910
1034	-0.038444	0.037851
1035	-0.038434	0.037791
1036	-0.038438	0.037735
1037	-0.038436	0.037676
1038	-0.038431	0.037632
1039	-0.038438	0.037560
1040	-0.038438	0.037504
1041	-0.038436	0.037447
1042	-0.038440	0.037388
1043	-0.038434	0.037332
1044	-0.038434	0.037274
1045	-0.038435	0.037218
1046	-0.038428	0.037150
1047	-0.038434	0.037103
1048	-0.038436	0.037045
1049	-0.038434	0.036986
1050	-0.038434	0.036932
1051	-0.038435	0.036875
1052	-0.038434	0.036820
1053	-0.038436	0.036760
1054	-0.038432	0.036697
1055	-0.038436	0.036649
1056	-0.038435	0.036591
1057	-0.038434	0.036535
1058	-0.038435	0.036478
1059	-0.038434	0.036422
1060	-0.038432	0.036368
1061	-0.038431	0.036309
1062	-0.038428	0.036256
1063	-0.038431	0.036199
1064	-0.038431	0.036144
1065	-0.038428	0.036085
1066	-0.038426	0.036026
1067	-0.038431	0.035978
1068	-0.038430	0.035922
1069	-0.038431	0.035865
1070	-0.038434	0.035814
1071	-0.038431	0.035758
1072	-0.038429	0.035699
1073	-0.038429	0.035644
1074	-0.038437	0.035580
1075	-0.038428	0.035536
1076	-0.038430	0.035482
1077	-0.038429	0.035428
1078	-0.038433	0.035363
1079	-0.038430	0.035319
1080	-0.038428	0.035262
1081	-0.038430	0.035209
1082	-0.038425	0.035151
1083	-0.038430	0.035100
1084	-0.038430	0.035047
1085	-0.038428	0.034992
1086	-0.038432	0.034932
1087	-0.038429	0.034883
1088	-0.038428	0.034831
1089	-0.038428	0.034775
1090	-0.038436	0.034722
1091	-0.038429	0.034669
1092	-0.038429	0.034615
1093	-0.038427	0.034561
1094	-0.038413	0.034510
1095	-0.038428	0.034455
1096	-0.038429	0.034403
1097	-0.038428	0.034349
1098	-0.038427	0.034292
1099	-0.038428	0.034241
1100	-0.038426	0.034191
1101	-0.038426	0.034134
1102	-0.038416	0.034082
1103	-0.038426	0.034030
1104	-0.038427	0.033977
1105	-0.038424	0.033925
1106	-0.038418	0.033872
1107	-0.038426	0.033819
1108	-0.038425	0.033768
1109	-0.038423	0.033717
1110	-0.038425	0.033670
1111	-0.038425	0.033610
1112	-0.038426	0.033560
1113	-0.038424	0.033507
1114	-0.038430	0.033455
1115	-0.038423	0.033403
1116	-0.038425	0.033352
1117	-0.038426	0.033297
1118	-0.038420	0.033254
1119	-0.038423	0.033199
1120	-0.038426	0.033145
1121	-0.038422	0.033096
1122	-0.038423	0.033038
1123	-0.038423	0.032991
1124	-0.038423	0.032939
1125	-0.038422	0.032886
1126	-0.038412	0.032830
1127	-0.038424	0.032787
1128	-0.038424	0.032736
1129	-0.038424	0.032683
1130	-0.038415	0.032633
1131	-0.038426	0.032584
1132	-0.038422	0.032533
1133	-0.038421	0.032481
1134	-0.038414	0.032450
1135	-0.038424	0.032378
1136	-0.038423	0.032330
1137	-0.038422	0.032278
1138	-0.038459	0.032209
1139	-0.038420	0.032176
1140	-0.038422	0.032128
1141	-0.038423	0.032078
1142	-0.038430	0.032019
1143	-0.038423	0.031979
1144	-0.038422	0.031927
1145	-0.038420	0.031879
1146	-0.038427	0.031836
1147	-0.038420	0.031777
1148	-0.038420	0.031728
1149	-0.038420	0.031680
1150	-0.038421	0.031640
1151	-0.038421	0.031581
1152	-0.038420	0.031531
1153	-0.038421	0.031483
1154	-0.038412	0.031436
1155	-0.038418	0.031383
1156	-0.038420	0.031333
1157	-0.038420	0.031284
1158	-0.038417	0.031236
1159	-0.038421	0.031189
1160	-0.038418	0.031138
1161	-0.038418	0.031090
1162	-0.038417	0.031038
1163	-0.038422	0.030991
1164	-0.038419	0.030942
1165	-0.038418	0.030896
1166	-0.038417	0.030846
1167	-0.038419	0.030796
1168	-0.038418	0.030747
1169	-0.038418	0.030700
1170	-0.038419	0.030651
1171	-0.038420	0.030605
1172	-0.038416	0.030555
1173	-0.038418	0.030508
1174	-0.038417	0.030466
1175	-0.038418	0.030409
1176	-0.038416	0.030363
1177	-0.038417	0.030315
1178	-0.038411	0.030274
1179	-0.038417	0.030220
1180	-0.038415	0.030172
1181	-0.038418	0.030124
1182	-0.038411	0.030078
1183	-0.038418	0.030027
1184	-0.038416	0.029979
1185	-0.038417	0.029935
1186	-0.038423	0.029877
1187	-0.038415	0.029838
1188	-0.038417	0.029791
1189	-0.038414	0.029746
1190	-0.038416	0.029706
1191	-0.038417	0.029648
1192	-0.038414	0.029603
1193	-0.038418	0.029554
1194	-0.038415	0.029507
1195	-0.038415	0.029460
1196	-0.038414	0.029415
1197	-0.038415	0.029367
1198	-0.038417	0.029326
1199	-0.038413	0.029275
1200	-0.038415	0.029228
1201	-0.038414	0.029180
1202	-0.038421	0.029103
1203	-0.038416	0.029088
1204	-0.038414	0.029042
1205	-0.038415	0.028995
1206	-0.038421	0.028950
1207	-0.038413	0.028903
1208	-0.038415	0.028857
1209	-0.038414	0.028810
1210	-0.038415	0.028767
1211	-0.038415	0.028717
1212	-0.038415	0.028673
1213	-0.038414	0.028627
1214	-0.038411	0.028577
1215	-0.038415	0.028537
1216	-0.038413	0.028489
1217	-0.038413	0.028444
1218	-0.038416	0.028392
1219	-0.038414	0.028350
1220	-0.038412	0.028306
1221	-0.038414	0.028261
1222	-0.038408	0.028214
1223	-0.038412	0.028168
1224	-0.038413	0.028127
1225	-0.038412	0.028078
1226	-0.038412	0.028035
1227	-0.038411	0.027988
1228	-0.038411	0.027946
1229	-0.038412	0.027898
1230	-0.038383	0.027850
1231	-0.038412	0.027807
1232	-0.038411	0.027763
1233	-0.038413	0.027719
1234	-0.038414	0.027672
1235	-0.038412	0.027629
1236	-0.038409	0.027586
1237	-0.038411	0.027540
1238	-0.038410	0.027494
1239	-0.038410	0.027451
1240	-0.038412	0.027407
1241	-0.038410	0.027361
1242	-0.038409	0.027321
1243	-0.038409	0.027271
1244	-0.038412	0.027228
1245	-0.038412	0.027184
1246	-0.038416	0.027136
1247	-0.038410	0.027097
1248	-0.038411	0.027050
1249	-0.038410	0.027007
1250	-0.038404	0.026958
1251	-0.038410	0.026921
1252	-0.038411	0.026876
1253	-0.038408	0.026831
1254	-0.038409	0.026782
1255	-0.038411	0.026743
1256	-0.038410	0.026700
1257	-0.038410	0.026658
1258	-0.038412	0.026616
1259	-0.038409	0.026570
1260	-0.038408	0.026524
1261	-0.038410	0.026480
1262	-0.038404	0.026434
1263	-0.038406	0.026395
1264	-0.038408	0.026351
1265	-0.038408	0.026310
1266	-0.038452	0.026274
1267	-0.038408	0.026222
1268	-0.038409	0.026177
1269	-0.038410	0.026136
1270	-0.038405	0.026091
1271	-0.038408	0.026047
1272	-0.038410	0.026005
1273	-0.038411	0.025962
1274	-0.038407	0.025914
1275	-0.038407	0.025879
1276	-0.038407	0.025833
1277	-0.038407	0.025790
1278	-0.038408	0.025744
1279	-0.038409	0.025705
1280	-0.038405	0.025663
1281	-0.038407	0.025621
1282	-0.038414	0.025573
1283	-0.038408	0.025535
1284	-0.038407	0.025492
1285	-0.038407	0.025451
1286	-0.038405	0.025406
1287	-0.038406	0.025364
1288	-0.038406	0.025322
1289	-0.038407	0.025283
1290	-0.038404	0.025236
1291	-0.038406	0.025196
1292	-0.038408	0.025154
1293	-0.038406	0.025112
1294	-0.038421	0.025059
1295	-0.038406	0.025028
1296	-0.038406	0.024985
1297	-0.038406	0.024945
1298	-0.038406	0.024903
1299	-0.038407	0.024861
1300	-0.038405	0.024820
1301	-0.038406	0.024774
1302	-0.038401	0.024733
1303	-0.038405	0.024692
1304	-0.038405	0.024651
1305	-0.038405	0.024610
1306	-0.038402	0.024562
1307	-0.038406	0.024528
1308	-0.038406	0.024485
1309	-0.038406	0.024443
1310	-0.038406	0.024410
1311	-0.038403	0.024361
1312	-0.038405	0.024321
1313	-0.038404	0.024280
1314	-0.038407	0.024248
1315	-0.038406	0.024196
1316	-0.038405	0.024156
1317	-0.038402	0.024114
1318	-0.038403	0.024070
1319	-0.038405	0.024031
1320	-0.038405	0.023990
1321	-0.038405	0.023948
1322	-0.038408	0.023913
1323	-0.038405	0.023869
1324	-0.038404	0.023827
1325	-0.038407	0.023786
1326	-0.038401	0.023753
1327	-0.038404	0.023704
1328	-0.038403	0.023663
1329	-0.038404	0.023621
1330	-0.038381	0.023567
1331	-0.038403	0.023542
1332	-0.038403	0.023502
1333	-0.038401	0.023459
1334	-0.038403	0.023424
1335	-0.038402	0.023379
1336	-0.038402	0.023340
1337	-0.038399	0.023299
1338	-0.038405	0.023261
1339	-0.038404	0.023219
1340	-0.038401	0.023180
1341	-0.038403	0.023138
1342	-0.038405	0.023099
1343	-0.038405	0.023057
1344	-0.038403	0.023018
1345	-0.038404	0.022978
1346	-0.038401	0.022942
1347	-0.038403	0.022898
1348	-0.038401	0.022858
1349	-0.038403	0.022821
1350	-0.038405	0.022779
1351	-0.038400	0.022736
1352	-0.038403	0.022696
1353	-0.038403	0.022659
1354	-0.038404	0.022618
1355	-0.038399	0.022580
1356	-0.038403	0.022540
1357	-0.038400	0.022501
1358	-0.038408	0.022454
1359	-0.038398	0.022421
1360	-0.038401	0.022381
1361	-0.038401	0.022341
1362	-0.038400	0.022300
1363	-0.038400	0.022263
1364	-0.038401	0.022224
1365	-0.038402	0.022182
1366	-0.038388	0.022144
1367	-0.038398	0.022104
1368	-0.038402	0.022067
1369	-0.038400	0.022026
1370	-0.038400	0.021985
1371	-0.038402	0.021947
1372	-0.038400	0.021910
1373	-0.038401	0.021872
1374	-0.038399	0.021839
1375	-0.038401	0.021793
1376	-0.038397	0.021754
1377	-0.038400	0.021716
1378	-0.038402	0.021671
1379	-0.038400	0.021635
1380	-0.038399	0.021597
1381	-0.038400	0.021557
1382	-0.038403	0.021526
1383	-0.038397	0.021480
1384	-0.038399	0.021443
1385	-0.038400	0.021403
1386	-0.038403	0.021370
1387	-0.038399	0.021324
1388	-0.038399	0.021290
1389	-0.038400	0.021250
1390	-0.038405	0.021212
1391	-0.038398	0.021174
1392	-0.038399	0.021136
1393	-0.038398	0.021095
1394	-0.038386	0.021051
1395	-0.038400	0.021020
1396	-0.038400	0.020981
1397	-0.038396	0.020942
1398	-0.038403	0.020903
1399	-0.038398	0.020868
1400	-0.038397	0.020829
1401	-0.038397	0.020790
1402	-0.038393	0.020755
1403	-0.038398	0.020714
1404	-0.038398	0.020677
1405	-0.038399	0.020638
1406	-0.038404	0.020605
1407	-0.038396	0.020562
1408	-0.038400	0.020526
1409	-0.038399	0.020487
1410	-0.038392	0.020445
1411	-0.038397	0.020411
1412	-0.038395	0.020372
1413	-0.038396	0.020335
1414	-0.038397	0.020295
1415	-0.038395	0.020261
1416	-0.038399	0.020221
1417	-0.038397	0.020184
1418	-0.038401	0.020141
1419	-0.038396	0.020107
1420	-0.038395	0.020072
1421	-0.038395	0.020035
1422	-0.038399	0.020012
1423	-0.038397	0.019963
1424	-0.038397	0.019923
1425	-0.038396	0.019886
1426	-0.038403	0.019851
1427	-0.038398	0.019809
1428	-0.038399	0.019773
1429	-0.038396	0.019737
1430	-0.038404	0.019680
1431	-0.038396	0.019661
1432	-0.038397	0.019624
1433	-0.038398	0.019587
1434	-0.038398	0.019554
1435	-0.038396	0.019511
1436	-0.038397	0.019475
1437	-0.038395	0.019438
1438	-0.038386	0.019403
1439	-0.038395	0.019365
1440	-0.038396	0.019324
1441	-0.038397	0.019291
1442	-0.038396	0.019250
1443	-0.038397	0.019218
1444	-0.038395	0.019180
1445	-0.038395	0.019141
1446	-0.038395	0.019106
1447	-0.038398	0.019071
1448	-0.038396	0.019033
1449	-0.038398	0.018995
1450	-0.038399	0.018949
1451	-0.038396	0.018921
1452	-0.038395	0.018885
1453	-0.038397	0.018850
1454	-0.038401	0.018815
1455	-0.038396	0.018776
1456	-0.038395	0.018739
1457	-0.038394	0.018703
1458	-0.038361	0.018655
1459	-0.038397	0.018632
1460	-0.038396	0.018593
1461	-0.038394	0.018558
1462	-0.038396	0.018521
1463	-0.038396	0.018485
1464	-0.038396	0.018448
1465	-0.038396	0.018413
1466	-0.038394	0.018378
1467	-0.038399	0.018341
1468	-0.038397	0.018303
1469	-0.038393	0.018268
1470	-0.038398	0.018236
1471	-0.038395	0.018195
1472	-0.038394	0.018159
1473	-0.038395	0.018122
1474	-0.038388	0.018089
1475	-0.038394	0.018052
1476	-0.038396	0.018017
1477	-0.038393	0.017980
1478	-0.038390	0.017945
1479	-0.038394	0.017907
1480	-0.038395	0.017872
1481	-0.038392	0.017835
1482	-0.038394	0.017800
1483	-0.038394	0.017767
1484	-0.038396	0.017729
1485	-0.038394	0.017692
1486	-0.038437	0.017685
1487	-0.038395	0.017620
1488	-0.038395	0.017586
1489	-0.038392	0.017550
1490	-0.038392	0.017515
1491	-0.038393	0.017481
1492	-0.038394	0.017442
1493	-0.038394	0.017409
1494	-0.038395	0.017378
1495	-0.038396	0.017338
1496	-0.038393	0.017301
1497	-0.038394	0.017268
1498	-0.038395	0.017232
1499	-0.038395	0.017194
1500	-0.038394	0.017161
1501	-0.038394	0.017124
1502	-0.038395	0.017091
1503	-0.038393	0.017055
1504	-0.038395	0.017018
1505	-0.038394	0.016983
1506	-0.038390	0.016947
1507	-0.038393	0.016912
1508	-0.038394	0.016878
1509	-0.038393	0.016844
1510	-0.038391	0.016807
1511	-0.038393	0.016774
1512	-0.038394	0.016736
1513	-0.038392	0.016700
1514	-0.038400	0.016666
1515	-0.038393	0.016632
1516	-0.038395	0.016597
1517	-0.038392	0.016562
1518	-0.038400	0.016528
1519	-0.038392	0.016490
1520	-0.038392	0.016457
1521	-0.038394	0.016422
1522	-0.038398	0.016401
1523	-0.038391	0.016352
1524	-0.038392	0.016318
1525	-0.038393	0.016282
1526	-0.038392	0.016242
1527	-0.038390	0.016214
1528	-0.038391	0.016177
1529	-0.038393	0.016144
1530	-0.038390	0.016115
1531	-0.038394	0.016076
1532	-0.038390	0.016041
1533	-0.038393	0.016007
1534	-0.038390	0.015964
1535	-0.038392	0.015936
1536	-0.038390	0.015902
1537	-0.038394	0.015866
1538	-0.038389	0.015838
1539	-0.038389	0.015800
1540	-0.038392	0.015765
1541	-0.038391	0.015731
1542	-0.038389	0.015701
1543	-0.038393	0.015661
1544	-0.038391	0.015626
1545	-0.038393	0.015592
1546	-0.038387	0.015555
1547	-0.038390	0.015525
1548	-0.038390	0.015491
1549	-0.038392	0.015455
1550	-0.038408	0.015427
1551	-0.038392	0.015388
1552	-0.038391	0.015355
1553	-0.038391	0.015317
1554	-0.038391	0.015288
1555	-0.038393	0.015252
1556	-0.038388	0.015216
1557	-0.038393	0.015181
1558	-0.038388	0.015148
1559	-0.038390	0.015114
1560	-0.038391	0.015080
1561	-0.038389	0.015045
1562	-0.038391	0.015010
1563	-0.038390	0.014977
1564	-0.038390	0.014942
1565	-0.038391	0.014910
1566	-0.038395	0.014877
1567	-0.038390	0.014843
1568	-0.038391	0.014808
1569	-0.038391	0.014774
1570	-0.038390	0.014738
1571	-0.038390	0.014709
1572	-0.038390	0.014674
1573	-0.038390	0.014640
1574	-0.038387	0.014609
1575	-0.038389	0.014573
1576	-0.038391	0.014539
1577	-0.038391	0.014505
1578	-0.038388	0.014470
1579	-0.038392	0.014439
1580	-0.038388	0.014407
1581	-0.038392	0.014371
1582	-0.038389	0.014329
1583	-0.038391	0.014303
1584	-0.038391	0.014269
1585	-0.038390	0.014236
1586	-0.038406	0.014221
1587	-0.038390	0.014170
1588	-0.038390	0.014137
1589	-0.038388	0.014100
1590	-0.038386	0.014072
1591	-0.038389	0.014035
1592	-0.038390	0.014002
1593	-0.038388	0.013969
1594	-0.038386	0.013932
1595	-0.038389	0.013903
1596	-0.038391	0.013868
1597	-0.038389	0.013837
1598	-0.038392	0.013798
1599	-0.038391	0.013768
1600	-0.038390	0.013736
1601	-0.038389	0.013703
1602	-0.038384	0.013669
1603	-0.038386	0.013638
1604	-0.038390	0.013605
1605	-0.038388	0.013570
1606	-0.038393	0.013538
1607	-0.038386	0.013504
1608	-0.038390	0.013469
1609	-0.038385	0.013436
1610	-0.038392	0.013407
1611	-0.038390	0.013371
1612	-0.038389	0.013338
1613	-0.038386	0.013306
1614	-0.038390	0.013264
1615	-0.038389	0.013239
1616	-0.038388	0.013207
1617	-0.038389	0.013174
1618	-0.038391	0.013138
1619	-0.038389	0.013109
1620	-0.038389	0.013077
1621	-0.038390	0.013038
1622	-0.038384	0.013008
1623	-0.038389	0.012975
1624	-0.038391	0.012942
1625	-0.038390	0.012910
1626	-0.038393	0.012877
1627	-0.038387	0.012845
1628	-0.038388	0.012813
1629	-0.038389	0.012781
1630	-0.038386	0.012746
1631	-0.038388	0.012712
1632	-0.038387	0.012681
1633	-0.038387	0.012650
1634	-0.038392	0.012625
1635	-0.038387	0.012585
1636	-0.038387	0.012552
1637	-0.038387	0.012519
1638	-0.038388	0.012481
1639	-0.038388	0.012451
1640	-0.038388	0.012421
1641	-0.038388	0.012390
1642	-0.038384	0.012358
1643	-0.038388	0.012325
1644	-0.038389	0.012292
1645	-0.038388	0.012257
1646	-0.038386	0.012220
1647	-0.038387	0.012192
1648	-0.038388	0.012161
1649	-0.038386	0.012128
1650	-0.038353	0.012086
1651	-0.038387	0.012064
1652	-0.038387	0.012032
1653	-0.038385	0.012000
1654	-0.038389	0.011972
1655	-0.038389	0.011936
1656	-0.038388	0.011901
1657	-0.038386	0.011869
1658	-0.038386	0.011829
1659	-0.038389	0.011807
1660	-0.038388	0.011773
1661	-0.038389	0.011743
1662	-0.038390	0.011713
1663	-0.038386	0.011676
1664	-0.038387	0.011646
1665	-0.038388	0.011611
1666	-0.038385	0.011585
1667	-0.038388	0.011547
1668	-0.038385	0.011515
1669	-0.038385	0.011485
1670	-0.038386	0.011446
1671	-0.038386	0.011419
1672	-0.038385	0.011387
1673	-0.038389	0.011357
1674	-0.038388	0.011328
1675	-0.038385	0.011291
1676	-0.038387	0.011258
1677	-0.038388	0.011225
1678	-0.038375	0.011190
1679	-0.038387	0.011161
1680	-0.038385	0.011130
1681	-0.038386	0.011098
1682	-0.038382	0.011076
1683	-0.038387	0.011036
1684	-0.038384	0.011004
1685	-0.038386	0.010974
1686	-0.038391	0.010951
1687	-0.038387	0.010909
1688	-0.038386	0.010876
1689	-0.038388	0.010845
1690	-0.038384	0.010808
1691	-0.038389	0.010779
1692	-0.038386	0.010749
1693	-0.038387	0.010718
1694	-0.038385	0.010693
1695	-0.038384	0.010655
1696	-0.038387	0.010624
1697	-0.038387	0.010591
1698	-0.038382	0.010561
1699	-0.038386	0.010529
1700	-0.038384	0.010495
1701	-0.038384	0.010466
1702	-0.038383	0.010433
1703	-0.038388	0.010402
1704	-0.038388	0.010369
1705	-0.038387	0.010340
1706	-0.038394	0.010301
1707	-0.038386	0.010273
1708	-0.038387	0.010244
1709	-0.038387	0.010212
1710	-0.038379	0.010174
1711	-0.038388	0.010150
1712	-0.038386	0.010116
1713	-0.038387	0.010085
1714	-0.038433	0.010052
1715	-0.038386	0.010021
1716	-0.038388	0.009990
1717	-0.038385	0.009962
1718	-0.038384	0.009940
1719	-0.038387	0.009898
1720	-0.038387	0.009865
1721	-0.038384	0.009831
1722	-0.038383	0.009807
1723	-0.038387	0.009770
1724	-0.038385	0.009738
1725	-0.038385	0.009711
1726	-0.038382	0.009683
1727	-0.038386	0.009647
1728	-0.038387	0.009616
1729	-0.038384	0.009587
1730	-0.038386	0.009550
1731	-0.038384	0.009523
1732	-0.038385	0.009490
1733	-0.038387	0.009459
1734	-0.038389	0.009432
1735	-0.038384	0.009396
1736	-0.038386	0.009365
1737	-0.038385	0.009334
1738	-0.038388	0.009300
1739	-0.038386	0.009273
1740	-0.038386	0.009240
1741	-0.038385	0.009210
1742	-0.038382	0.009171
1743	-0.038384	0.009147
1744	-0.038385	0.009116
1745	-0.038384	0.009085
1746	-0.038390	0.009063
1747	-0.038383	0.009021
1748	-0.038385	0.008992
1749	-0.038383	0.008963
1750	-0.038383	0.008920
1751	-0.038384	0.008897
1752	-0.038386	0.008869
1753	-0.038387	0.008836
1754	-0.038382	0.008802
1755	-0.038385	0.008772
1756	-0.038384	0.008744
1757	-0.038385	0.008713
1758	-0.038387	0.008691
1759	-0.038384	0.008650
1760	-0.038385	0.008620
1761	-0.038383	0.008587
1762	-0.038378	0.008561
1763	-0.038384	0.008527
1764	-0.038384	0.008496
1765	-0.038385	0.008464
1766	-0.038381	0.008432
1767	-0.038383	0.008402
1768	-0.038385	0.008374
1769	-0.038386	0.008340
1770	-0.038383	0.008312
1771	-0.038384	0.008280
1772	-0.038386	0.008249
1773	-0.038383	0.008220
1774	-0.038389	0.008198
1775	-0.038386	0.008158
1776	-0.038384	0.008124
1777	-0.038385	0.008096
1778	-0.038366	0.008005
1779	-0.038384	0.008032
1780	-0.038383	0.008003
1781	-0.038384	0.007973
1782	-0.038389	0.007940
1783	-0.038384	0.007912
1784	-0.038386	0.007880
1785	-0.038384	0.007849
1786	-0.038382	0.007817
1787	-0.038383	0.007787
1788	-0.038383	0.007758
1789	-0.038384	0.007729
1790	-0.038384	0.007707
1791	-0.038384	0.007665
1792	-0.038385	0.007635
1793	-0.038383	0.007603
1794	-0.038386	0.007568
1795	-0.038386	0.007546
1796	-0.038385	0.007514
1797	-0.038384	0.007483
1798	-0.038389	0.007456
1799	-0.038386	0.007422
1800	-0.038385	0.007390
1801	-0.038382	0.007361
1802	-0.038385	0.007329
1803	-0.038382	0.007298
1804	-0.038383	0.007268
1805	-0.038384	0.007238
1806	-0.038395	0.007205
1807	-0.038385	0.007176
1808	-0.038384	0.007146
1809	-0.038385	0.007114
1810	-0.038386	0.007095
1811	-0.038383	0.007055
1812	-0.038384	0.007024
1813	-0.038383	0.006997
1814	-0.038383	0.006961
1815	-0.038380	0.006933
1816	-0.038383	0.006906
1817	-0.038385	0.006873
1818	-0.038387	0.006842
1819	-0.038383	0.006812
1820	-0.038384	0.006782
1821	-0.038385	0.006751
1822	-0.038385	0.006719
1823	-0.038385	0.006692
1824	-0.038383	0.006660
1825	-0.038382	0.006629
1826	-0.038386	0.006598
1827	-0.038385	0.006571
1828	-0.038384	0.006540
1829	-0.038384	0.006509
1830	-0.038393	0.006483
1831	-0.038385	0.006449
1832	-0.038383	0.006418
1833	-0.038382	0.006386
1834	-0.038389	0.006357
1835	-0.038384	0.006327
1836	-0.038382	0.006298
1837	-0.038384	0.006266
1838	-0.038379	0.006232
1839	-0.038383	0.006206
1840	-0.038384	0.006176
1841	-0.038384	0.006142
1842	-0.038328	0.006151
1843	-0.038384	0.006087
1844	-0.038384	0.006055
1845	-0.038382	0.006024
1846	-0.038383	0.005994
1847	-0.038385	0.005965
1848	-0.038385	0.005935
1849	-0.038383	0.005906
1850	-0.038383	0.005883
1851	-0.038384	0.005846
1852	-0.038383	0.005813
1853	-0.038381	0.005782
1854	-0.038387	0.005752
1855	-0.038383	0.005723
1856	-0.038383	0.005693
1857	-0.038383	0.005664
1858	-0.038386	0.005626
1859	-0.038384	0.005604
1860	-0.038384	0.005574
1861	-0.038382	0.005543
1862	-0.038377	0.005511
1863	-0.038385	0.005482
1864	-0.038383	0.005453
1865	-0.038384	0.005425
1866	-0.038384	0.005402
1867	-0.038381	0.005363
1868	-0.038381	0.005335
1869	-0.038382	0.005303
1870	-0.038387	0.005265
1871	-0.038384	0.005244
1872	-0.038381	0.005212
1873	-0.038384	0.005183
1874	-0.038380	0.005156
1875	-0.038383	0.005124
1876	-0.038384	0.005092
1877	-0.038381	0.005064
1878	-0.038381	0.005032
1879	-0.038382	0.005005
1880	-0.038384	0.004973
1881	-0.038384	0.004944
1882	-0.038385	0.004920
1883	-0.038384	0.004883
1884	-0.038384	0.004854
1885	-0.038384	0.004824
1886	-0.038384	0.004790
1887	-0.038383	0.004762
1888	-0.038385	0.004733
1889	-0.038383	0.004702
1890	-0.038387	0.004671
1891	-0.038385	0.004645
1892	-0.038381	0.004613
1893	-0.038384	0.004582
1894	-0.038379	0.004552
1895	-0.038385	0.004523
1896	-0.038382	0.004495
1897	-0.038382	0.004467
1898	-0.038378	0.004432
1899	-0.038382	0.004406
1900	-0.038382	0.004376
1901	-0.038382	0.004348
1902	-0.038382	0.004317
1903	-0.038383	0.004287
1904	-0.038382	0.004257
1905	-0.038384	0.004227
1906	-0.038355	0.004195
1907	-0.038382	0.004168
1908	-0.038383	0.004137
1909	-0.038382	0.004111
1910	-0.038388	0.004084
1911	-0.038384	0.004048
1912	-0.038383	0.004018
1913	-0.038382	0.003989
1914	-0.038381	0.003951
1915	-0.038383	0.003931
1916	-0.038382	0.003900
1917	-0.038382	0.003869
1918	-0.038381	0.003842
1919	-0.038382	0.003812
1920	-0.038384	0.003780
1921	-0.038381	0.003752
1922	-0.038385	0.003712
1923	-0.038384	0.003689
1924	-0.038382	0.003660
1925	-0.038382	0.003632
1926	-0.038385	0.003610
1927	-0.038383	0.003573
1928	-0.038384	0.003540
1929	-0.038385	0.003513
1930	-0.038381	0.003479
1931	-0.038384	0.003455
1932	-0.038383	0.003425
1933	-0.038383	0.003394
1934	-0.038376	0.003338
1935	-0.038382	0.003336
1936	-0.038384	0.003305
1937	-0.038383	0.003278
1938	-0.038379	0.003247
1939	-0.038381	0.003213
1940	-0.038382	0.003187
1941	-0.038381	0.003160
1942	-0.038393	0.003137
1943	-0.038381	0.003095
1944	-0.038382	0.003068
1945	-0.038383	0.003040
1946	-0.038383	0.003007
1947	-0.038381	0.002979
1948	-0.038383	0.002951
1949	-0.038382	0.002920
1950	-0.038381	0.002887
1951	-0.038381	0.002861
1952	-0.038385	0.002832
1953	-0.038382	0.002802
1954	-0.038376	0.002774
1955	-0.038381	0.002744
1956	-0.038382	0.002714
1957	-0.038381	0.002682
1958	-0.038391	0.002650
1959	-0.038382	0.002625
1960	-0.038381	0.002596
1961	-0.038380	0.002565
1962	-0.038387	0.002541
1963	-0.038383	0.002505
1964	-0.038382	0.002475
1965	-0.038383	0.002448
1966	-0.038379	0.002413
1967	-0.038385	0.002390
1968	-0.038382	0.002359
1969	-0.038383	0.002329
1970	-0.038390	0.002281
1971	-0.038384	0.002268
1972	-0.038381	0.002240
1973	-0.038382	0.002209
1974	-0.038386	0.002183
1975	-0.038382	0.002152
1976	-0.038382	0.002124
1977	-0.038383	0.002094
1978	-0.038378	0.002061
1979	-0.038382	0.002033
1980	-0.038382	0.002003
1981	-0.038383	0.001975
1982	-0.038391	0.001949
1983	-0.038383	0.001910
1984	-0.038383	0.001885
1985	-0.038383	0.001857
1986	-0.038379	0.001829
1987	-0.038381	0.001797
1988	-0.038383	0.001769
1989	-0.038382	0.001736
1990	-0.038389	0.001708
1991	-0.038382	0.001678
1992	-0.038381	0.001650
1993	-0.038381	0.001622
1994	-0.038386	0.001595
1995	-0.038382	0.001561
1996	-0.038381	0.001531
1997	-0.038382	0.001502
1998	-0.038367	0.001511
1999	-0.038382	0.001445
2000	-0.038382	0.001414
2001	-0.038383	0.001383
2002	-0.038381	0.001356
2003	-0.038382	0.001327
2004	-0.038382	0.001295
2005	-0.038382	0.001267
2006	-0.038382	0.001245
2007	-0.038379	0.001207
2008	-0.038383	0.001178
2009	-0.038379	0.001146
2010	-0.038386	0.001113
2011	-0.038382	0.001091
2012	-0.038383	0.001060
2013	-0.038382	0.001029
2014	-0.038393	0.000990
2015	-0.038384	0.000974
2016	-0.038384	0.000943
2017	-0.038380	0.000914
2018	-0.038381	0.000880
2019	-0.038382	0.000853
2020	-0.038381	0.000827
2021	-0.038383	0.000795
2022	-0.038388	0.000763
2023	-0.038383	0.000736
2024	-0.038383	0.000706
2025	-0.038384	0.000676
2026	-0.038377	0.000647
2027	-0.038381	0.000617
2028	-0.038382	0.000590
2029	-0.038382	0.000560
2030	-0.038382	0.000526
2031	-0.038381	0.000499
2032	-0.038383	0.000473
2033	-0.038380	0.000445
2034	-0.038354	0.000409
2035	-0.038382	0.000385
2036	-0.038383	0.000352
2037	-0.038382	0.000323
2038	-0.038374	0.000291
2039	-0.038382	0.000264
2040	-0.038383	0.000236
2041	-0.038382	0.000206
2042	-0.038385	0.000172
2043	-0.038382	0.000147
2044	-0.038382	0.000117
2045	-0.038382	0.000089
2046	-0.038379	0.000058
2047	-0.038384	0.000031
2048	-0.038382	0.000000
2049	-0.038384	-0.000031
2050	-0.038385	-0.000057
2051	-0.038382	-0.000089
2052	-0.038381	-0.000117
2053	-0.038382	-0.000148
2054	-0.038385	-0.000181
2055	-0.038382	-0.000206
2056	-0.038383	-0.000236
2057	-0.038382	-0.000264
2058	-0.038379	-0.000287
2059	-0.038382	-0.000323
2060	-0.038383	-0.000352
2061	-0.038382	-0.000384
2062	-0.038349	-0.000410
2063	-0.038381	-0.000444
2064	-0.038383	-0.000473
2065	-0.038381	-0.000500
2066	-0.038386	-0.000529
2067	-0.038382	-0.000560
2068	-0.038382	-0.000590
2069	-0.038381	-0.000617
2070	-0.038387	-0.000653
2071	-0.038384	-0.000676
2072	-0.038383	-0.000706
2073	-0.038382	-0.000736
2074	-0.038377	-0.000765
2075	-0.038383	-0.000795
2076	-0.038381	-0.000827
2077	-0.038382	-0.000853
2078	-0.038382	-0.000882
2079	-0.038380	-0.000914
2080	-0.038384	-0.000943
2081	-0.038383	-0.000974
2082	-0.038383	-0.001004
2083	-0.038382	-0.001029
2084	-0.038383	-0.001060
2085	-0.038382	-0.001091
2086	-0.038381	-0.001116
2087	-0.038379	-0.001146
2088	-0.038383	-0.001178
2089	-0.038379	-0.001207
2090	-0.038378	-0.001247
2091	-0.038382	-0.001267
2092	-0.038382	-0.001295
2093	-0.038382	-0.001327
2094	-0.038381	-0.001357
2095	-0.038383	-0.001383
2096	-0.038382	-0.001414
2097	-0.038382	-0.001445
2098	-0.038372	-0.001480
2099	-0.038382	-0.001503
2100	-0.038381	-0.001532
2101	-0.038382	-0.001561
2102	-0.038380	-0.001596
2103	-0.038381	-0.001622
2104	-0.038381	-0.001650
2105	-0.038382	-0.001678
2106	-0.038382	-0.001704
2107	-0.038382	-0.001736
2108	-0.038383	-0.001769
2109	-0.038381	-0.001797
2110	-0.038382	-0.001835
2111	-0.038383	-0.001857
2112	-0.038383	-0.001885
2113	-0.038383	-0.001910
2114	-0.038375	-0.001948
2115	-0.038383	-0.001975
2116	-0.038382	-0.002004
2117	-0.038382	-0.002033
2118	-0.038385	-0.002063
2119	-0.038383	-0.002094
2120	-0.038382	-0.002124
2121	-0.038382	-0.002152
2122	-0.038387	-0.002176
2123	-0.038382	-0.002209
2124	-0.038381	-0.002240
2125	-0.038383	-0.002268
2126	-0.038395	-0.002326
2127	-0.038383	-0.002330
2128	-0.038382	-0.002359
2129	-0.038386	-0.002390
2130	-0.038379	-0.002413
2131	-0.038383	-0.002448
2132	-0.038382	-0.002475
2133	-0.038383	-0.002505
2134	-0.038386	-0.002543
2135	-0.038380	-0.002565
2136	-0.038381	-0.002596
2137	-0.038382	-0.002625
2138	-0.038385	-0.002648
2139	-0.038381	-0.002682
2140	-0.038382	-0.002713
2141	-0.038381	-0.002744
2142	-0.038380	-0.002773
2143	-0.038382	-0.002802
2144	-0.038385	-0.002832
2145	-0.038381	-0.002861
2146	-0.038379	-0.002889
2147	-0.038382	-0.002920
2148	-0.038383	-0.002951
2149	-0.038381	-0.002979
2150	-0.038383	-0.003010
2151	-0.038384	-0.003040
2152	-0.038382	-0.003068
2153	-0.038381	-0.003094
2154	-0.038374	-0.003132
2155	-0.038381	-0.003160
2156	-0.038382	-0.003187
2157	-0.038381	-0.003214
2158	-0.038384	-0.003249
2159	-0.038383	-0.003279
2160	-0.038384	-0.003305
2161	-0.038382	-0.003335
2162	-0.038355	-0.003351
2163	-0.038383	-0.003394
2164	-0.038383	-0.003425
2165	-0.038384	-0.003455
2166	-0.038390	-0.003484
2167	-0.038385	-0.003513
2168	-0.038384	-0.003540
2169	-0.038383	-0.003573
2170	-0.038383	-0.003600
2171	-0.038382	-0.003632
2172	-0.038382	-0.003660
2173	-0.038384	-0.003689
2174	-0.038386	-0.003723
2175	-0.038381	-0.003752
2176	-0.038384	-0.003780
2177	-0.038382	-0.003811
2178	-0.038382	-0.003845
2179	-0.038382	-0.003869
2180	-0.038382	-0.003900
2181	-0.038383	-0.003931
2182	-0.038387	-0.003965
2183	-0.038382	-0.003989
2184	-0.038383	-0.004018
2185	-0.038384	-0.004048
2186	-0.038385	-0.004082
2187	-0.038382	-0.004111
2188	-0.038383	-0.004137
2189	-0.038382	-0.004168
2190	-0.038368	-0.004190
2191	-0.038385	-0.004227
2192	-0.038381	-0.004257
2193	-0.038383	-0.004286
2194	-0.038380	-0.004309
2195	-0.038382	-0.004348
2196	-0.038383	-0.004376
2197	-0.038382	-0.004406
2198	-0.038377	-0.004439
2199	-0.038381	-0.004467
2200	-0.038383	-0.004495
2201	-0.038385	-0.004523
2202	-0.038384	-0.004561
2203	-0.038384	-0.004582
2204	-0.038381	-0.004613
2205	-0.038385	-0.004645
2206	-0.038384	-0.004675
2207	-0.038382	-0.004702
2208	-0.038385	-0.004733
2209	-0.038383	-0.004762
2210	-0.038381	-0.004794
2211	-0.038384	-0.004824
2212	-0.038384	-0.004854
2213	-0.038384	-0.004883
2214	-0.038382	-0.004915
2215	-0.038384	-0.004944
2216	-0.038384	-0.004973
2217	-0.038382	-0.005005
2218	-0.038383	-0.005032
2219	-0.038381	-0.005064
2220	-0.038384	-0.005092
2221	-0.038383	-0.005124
2222	-0.038377	-0.005155
2223	-0.038385	-0.005182
2224	-0.038381	-0.005212
2225	-0.038384	-0.005244
2226	-0.038376	-0.005256
2227	-0.038383	-0.005304
2228	-0.038381	-0.005335
2229	-0.038381	-0.005363
2230	-0.038378	-0.005386
2231	-0.038384	-0.005425
2232	-0.038383	-0.005454
2233	-0.038385	-0.005482
2234	-0.038381	-0.005509
2235	-0.038382	-0.005543
2236	-0.038384	-0.005574
2237	-0.038384	-0.005604
2238	-0.038387	-0.005628
2239	-0.038383	-0.005664
2240	-0.038383	-0.005693
2241	-0.038383	-0.005723
2242	-0.038383	-0.005757
2243	-0.038381	-0.005782
2244	-0.038383	-0.005813
2245	-0.038384	-0.005846
2246	-0.038384	-0.005878
2247	-0.038383	-0.005906
2248	-0.038384	-0.005935
2249	-0.038385	-0.005965
2250	-0.038387	-0.005995
2251	-0.038381	-0.006024
2252	-0.038384	-0.006055
2253	-0.038384	-0.006088
2254	-0.038377	-0.006096
2255	-0.038385	-0.006142
2256	-0.038384	-0.006176
2257	-0.038383	-0.006206
2258	-0.038380	-0.006236
2259	-0.038384	-0.006266
2260	-0.038382	-0.006298
2261	-0.038384	-0.006327
2262	-0.038393	-0.006361
2263	-0.038382	-0.006386
2264	-0.038383	-0.006418
2265	-0.038385	-0.006450
2266	-0.038385	-0.006479
2267	-0.038384	-0.006509
2268	-0.038384	-0.006540
2269	-0.038385	-0.006571
2270	-0.038386	-0.006600
2271	-0.038383	-0.006629
2272	-0.038383	-0.006660
2273	-0.038385	-0.006692
2274	-0.038384	-0.006723
2275	-0.038386	-0.006751
2276	-0.038385	-0.006782
2277	-0.038383	-0.006812
2278	-0.038379	-0.006846
2279	-0.038385	-0.006873
2280	-0.038383	-0.006906
2281	-0.038380	-0.006933
2282	-0.038389	-0.006962
2283	-0.038383	-0.006997
2284	-0.038384	-0.007024
2285	-0.038383	-0.007055
2286	-0.038389	-0.007083
2287	-0.038385	-0.007114
2288	-0.038384	-0.007146
2289	-0.038385	-0.007176
2290	-0.038389	-0.007237
2291	-0.038384	-0.007238
2292	-0.038383	-0.007268
2293	-0.038382	-0.007298
2294	-0.038378	-0.007324
2295	-0.038383	-0.007361
2296	-0.038385	-0.007390
2297	-0.038386	-0.007422
2298	-0.038380	-0.007455
2299	-0.038384	-0.007483
2300	-0.038385	-0.007514
2301	-0.038386	-0.007546
2302	-0.038374	-0.007575
2303	-0.038383	-0.007603
2304	-0.038385	-0.007635
2305	-0.038384	-0.007665
2306	-0.038385	-0.007704
2307	-0.038384	-0.007729
2308	-0.038383	-0.007758
2309	-0.038383	-0.007787
2310	-0.038378	-0.007818
2311	-0.038384	-0.007850
2312	-0.038386	-0.007880
2313	-0.038384	-0.007912
2314	-0.038387	-0.007933
2315	-0.038384	-0.007972
2316	-0.038383	-0.008002
2317	-0.038384	-0.008032
2318	-0.038389	-0.008069
2319	-0.038386	-0.008096
2320	-0.038385	-0.008125
2321	-0.038386	-0.008158
2322	-0.038382	-0.008182
2323	-0.038383	-0.008220
2324	-0.038386	-0.008249
2325	-0.038384	-0.008280
2326	-0.038388	-0.008314
2327	-0.038386	-0.008340
2328	-0.038385	-0.008374
2329	-0.038383	-0.008402
2330	-0.038385	-0.008429
2331	-0.038385	-0.008464
2332	-0.038384	-0.008496
2333	-0.038384	-0.008527
2334	-0.038381	-0.008559
2335	-0.038383	-0.008587
2336	-0.038385	-0.008620
2337	-0.038384	-0.008650
2338	-0.038385	-0.008684
2339	-0.038385	-0.008713
2340	-0.038384	-0.008744
2341	-0.038385	-0.008772
2342	-0.038388	-0.008803
2343	-0.038387	-0.008836
2344	-0.038386	-0.008869
2345	-0.038384	-0.008897
2346	-0.038387	-0.008928
2347	-0.038383	-0.008963
2348	-0.038385	-0.008992
2349	-0.038382	-0.009021
2350	-0.038384	-0.009053
2351	-0.038384	-0.009085
2352	-0.038384	-0.009116
2353	-0.038384	-0.009147
2354	-0.038330	-0.009179
2355	-0.038386	-0.009210
2356	-0.038386	-0.009240
2357	-0.038386	-0.009273
2358	-0.038386	-0.009301
2359	-0.038385	-0.009334
2360	-0.038386	-0.009365
2361	-0.038385	-0.009396
2362	-0.038380	-0.009425
2363	-0.038387	-0.009459
2364	-0.038385	-0.009490
2365	-0.038384	-0.009523
2366	-0.038381	-0.009550
2367	-0.038384	-0.009587
2368	-0.038387	-0.009616
2369	-0.038386	-0.009647
2370	-0.038388	-0.009672
2371	-0.038385	-0.009711
2372	-0.038385	-0.009738
2373	-0.038388	-0.009770
2374	-0.038385	-0.009800
2375	-0.038384	-0.009831
2376	-0.038387	-0.009865
2377	-0.038388	-0.009897
2378	-0.038386	-0.009928
2379	-0.038385	-0.009962
2380	-0.038388	-0.009990
2381	-0.038386	-0.010021
2382	-0.038361	-0.010074
2383	-0.038387	-0.010085
2384	-0.038386	-0.010116
2385	-0.038387	-0.010150
2386	-0.038385	-0.010179
2387	-0.038387	-0.010212
2388	-0.038387	-0.010244
2389	-0.038386	-0.010273
2390	-0.038388	-0.010300
2391	-0.038387	-0.010340
2392	-0.038388	-0.010369
2393	-0.038388	-0.010402
2394	-0.038394	-0.010434
2395	-0.038384	-0.010465
2396	-0.038384	-0.010495
2397	-0.038386	-0.010529
2398	-0.038392	-0.010557
2399	-0.038387	-0.010591
2400	-0.038387	-0.010623
2401	-0.038385	-0.010655
2402	-0.038387	-0.010689
2403	-0.038386	-0.010718
2404	-0.038386	-0.010749
2405	-0.038389	-0.010779
2406	-0.038386	-0.010809
2407	-0.038388	-0.010845
2408	-0.038385	-0.010876
2409	-0.038387	-0.010909
2410	-0.038399	-0.010939
2411	-0.038387	-0.010974
2412	-0.038384	-0.011004
2413	-0.038387	-0.011036
2414	-0.038387	-0.011065
2415	-0.038386	-0.011098
2416	-0.038385	-0.011130
2417	-0.038388	-0.011160
2418	-0.038369	-0.011142
2419	-0.038388	-0.011226
2420	-0.038387	-0.011259
2421	-0.038385	-0.011291
2422	-0.038387	-0.011330
2423	-0.038389	-0.011357
2424	-0.038385	-0.011387
2425	-0.038386	-0.011419
2426	-0.038380	-0.011445
2427	-0.038385	-0.011485
2428	-0.038385	-0.011515
2429	-0.038388	-0.011547
2430	-0.038389	-0.011583
2431	-0.038388	-0.011611
2432	-0.038387	-0.011646
2433	-0.038386	-0.011676
2434	-0.038390	-0.011709
2435	-0.038389	-0.011743
2436	-0.038388	-0.011773
2437	-0.038389	-0.011807
2438	-0.038380	-0.011843
2439	-0.038386	-0.011869
2440	-0.038388	-0.011901
2441	-0.038389	-0.011936
2442	-0.038387	-0.011964
2443	-0.038385	-0.012000
2444	-0.038386	-0.012032
2445	-0.038387	-0.012064
2446	-0.038382	-0.012097
2447	-0.038387	-0.012128
2448	-0.038388	-0.012161
2449	-0.038387	-0.012192
2450	-0.038392	-0.012227
2451	-0.038388	-0.012257
2452	-0.038389	-0.012292
2453	-0.038388	-0.012325
2454	-0.038379	-0.012359
2455	-0.038388	-0.012390
2456	-0.038388	-0.012421
2457	-0.038388	-0.012451
2458	-0.038390	-0.012484
2459	-0.038387	-0.012519
2460	-0.038387	-0.012552
2461	-0.038387	-0.012585
2462	-0.038387	-0.012622
2463	-0.038387	-0.012650
2464	-0.038387	-0.012681
2465	-0.038388	-0.012712
2466	-0.038389	-0.012749
2467	-0.038389	-0.012781
2468	-0.038388	-0.012812
2469	-0.038387	-0.012846
2470	-0.038395	-0.012878
2471	-0.038390	-0.012910
2472	-0.038391	-0.012942
2473	-0.038389	-0.012975
2474	-0.038378	-0.013020
2475	-0.038390	-0.013038
2476	-0.038389	-0.013076
2477	-0.038389	-0.013109
2478	-0.038395	-0.013139
2479	-0.038390	-0.013174
2480	-0.038389	-0.013207
2481	-0.038389	-0.013238
2482	-0.038418	-0.013256
2483	-0.038386	-0.013306
2484	-0.038388	-0.013338
2485	-0.038390	-0.013371
2486	-0.038384	-0.013404
2487	-0.038385	-0.013436
2488	-0.038390	-0.013470
2489	-0.038386	-0.013504
2490	-0.038390	-0.013531
2491	-0.038388	-0.013570
2492	-0.038390	-0.013605
2493	-0.038386	-0.013638
2494	-0.038383	-0.013671
2495	-0.038389	-0.013703
2496	-0.038390	-0.013736
2497	-0.038391	-0.013768
2498	-0.038392	-0.013797
2499	-0.038389	-0.013837
2500	-0.038391	-0.013868
2501	-0.038389	-0.013903
2502	-0.038382	-0.013935
2503	-0.038388	-0.013970
2504	-0.038390	-0.014002
2505	-0.038389	-0.014035
2506	-0.038387	-0.014066
2507	-0.038387	-0.014100
2508	-0.038389	-0.014137
2509	-0.038390	-0.014170
2510	-0.038406	-0.014206
2511	-0.038391	-0.014236
2512	-0.038391	-0.014269
2513	-0.038391	-0.014304
2514	-0.038392	-0.014331
2515	-0.038392	-0.014371
2516	-0.038388	-0.014406
2517	-0.038392	-0.014439
2518	-0.038387	-0.014465
2519	-0.038391	-0.014504
2520	-0.038391	-0.014539
2521	-0.038389	-0.014573
2522	-0.038392	-0.014604
2523	-0.038390	-0.014640
2524	-0.038390	-0.014674
2525	-0.038390	-0.014710
2526	-0.038394	-0.014732
2527	-0.038391	-0.014774
2528	-0.038391	-0.014808
2529	-0.038390	-0.014843
2530	-0.038393	-0.014879
2531	-0.038391	-0.014909
2532	-0.038390	-0.014942
2533	-0.038390	-0.014977
2534	-0.038390	-0.015008
2535	-0.038389	-0.015045
2536	-0.038391	-0.015080
2537	-0.038390	-0.015114
2538	-0.038394	-0.015145
2539	-0.038393	-0.015181
2540	-0.038388	-0.015216
2541	-0.038393	-0.015252
2542	-0.038393	-0.015287
2543	-0.038391	-0.015317
2544	-0.038391	-0.015355
2545	-0.038393	-0.015387
2546	-0.038413	-0.015425
2547	-0.038392	-0.015455
2548	-0.038390	-0.015490
2549	-0.038390	-0.015525
2550	-0.038386	-0.015559
2551	-0.038393	-0.015593
2552	-0.038391	-0.015626
2553	-0.038393	-0.015661
2554	-0.038389	-0.015699
2555	-0.038391	-0.015731
2556	-0.038392	-0.015765
2557	-0.038389	-0.015800
2558	-0.038391	-0.015830
2559	-0.038394	-0.015866
2560	-0.038390	-0.015902
2561	-0.038392	-0.015936
2562	-0.038391	-0.015970
2563	-0.038393	-0.016007
2564	-0.038390	-0.016041
2565	-0.038394	-0.016076
2566	-0.038383	-0.016095
2567	-0.038393	-0.016143
2568	-0.038391	-0.016177
2569	-0.038390	-0.016214
2570	-0.038390	-0.016244
2571	-0.038393	-0.016282
2572	-0.038392	-0.016318
2573	-0.038390	-0.016352
2574	-0.038406	-0.016398
2575	-0.038394	-0.016421
2576	-0.038392	-0.016457
2577	-0.038392	-0.016490
2578	-0.038391	-0.016523
2579	-0.038392	-0.016562
2580	-0.038394	-0.016597
2581	-0.038393	-0.016632
2582	-0.038396	-0.016659
2583	-0.038392	-0.016700
2584	-0.038394	-0.016736
2585	-0.038393	-0.016774
2586	-0.038397	-0.016809
2587	-0.038393	-0.016844
2588	-0.038394	-0.016878
2589	-0.038393	-0.016912
2590	-0.038394	-0.016946
2591	-0.038394	-0.016983
2592	-0.038395	-0.017018
2593	-0.038393	-0.017055
2594	-0.038390	-0.017094
2595	-0.038394	-0.017124
2596	-0.038394	-0.017161
2597	-0.038395	-0.017194
2598	-0.038397	-0.017231
2599	-0.038395	-0.017268
2600	-0.038393	-0.017301
2601	-0.038395	-0.017338
2602	-0.038396	-0.017370
2603	-0.038393	-0.017409
2604	-0.038394	-0.017442
2605	-0.038393	-0.017481
2606	-0.038395	-0.017510
2607	-0.038392	-0.017551
2608	-0.038395	-0.017585
2609	-0.038394	-0.017620
2610	-0.038376	-0.017654
2611	-0.038394	-0.017692
2612	-0.038396	-0.017729
2613	-0.038394	-0.017767
2614	-0.038390	-0.017803
2615	-0.038393	-0.017835
2616	-0.038395	-0.017872
2617	-0.038394	-0.017907
2618	-0.038389	-0.017938
2619	-0.038393	-0.017980
2620	-0.038396	-0.018017
2621	-0.038394	-0.018051
2622	-0.038392	-0.018085
2623	-0.038395	-0.018122
2624	-0.038394	-0.018159
2625	-0.038395	-0.018195
2626	-0.038398	-0.018236
2627	-0.038393	-0.018268
2628	-0.038397	-0.018303
2629	-0.038400	-0.018341
2630	-0.038392	-0.018375
2631	-0.038396	-0.018413
2632	-0.038396	-0.018448
2633	-0.038396	-0.018485
2634	-0.038395	-0.018522
2635	-0.038394	-0.018558
2636	-0.038396	-0.018593
2637	-0.038397	-0.018632
2638	-0.038433	-0.018685
2639	-0.038394	-0.018703
2640	-0.038395	-0.018740
2641	-0.038396	-0.018776
2642	-0.038394	-0.018812
2643	-0.038397	-0.018850
2644	-0.038395	-0.018885
2645	-0.038396	-0.018921
2646	-0.038398	-0.018955
2647	-0.038398	-0.018995
2648	-0.038396	-0.019033
2649	-0.038398	-0.019071
2650	-0.038400	-0.019103
2651	-0.038395	-0.019141
2652	-0.038395	-0.019180
2653	-0.038397	-0.019218
2654	-0.038403	-0.019257
2655	-0.038397	-0.019291
2656	-0.038396	-0.019325
2657	-0.038395	-0.019365
2658	-0.038394	-0.019400
2659	-0.038395	-0.019438
2660	-0.038397	-0.019475
2661	-0.038396	-0.019511
2662	-0.038400	-0.019550
2663	-0.038398	-0.019587
2664	-0.038397	-0.019624
2665	-0.038396	-0.019661
2666	-0.038402	-0.019702
2667	-0.038396	-0.019736
2668	-0.038399	-0.019773
2669	-0.038398	-0.019809
2670	-0.038397	-0.019853
2671	-0.038396	-0.019886
2672	-0.038397	-0.019923
2673	-0.038397	-0.019962
2674	-0.038395	-0.020009
2675	-0.038395	-0.020035
2676	-0.038395	-0.020072
2677	-0.038396	-0.020107
2678	-0.038400	-0.020144
2679	-0.038397	-0.020184
2680	-0.038399	-0.020221
2681	-0.038395	-0.020261
2682	-0.038389	-0.020298
2683	-0.038396	-0.020335
2684	-0.038395	-0.020372
2685	-0.038397	-0.020411
2686	-0.038390	-0.020447
2687	-0.038399	-0.020487
2688	-0.038400	-0.020526
2689	-0.038396	-0.020562
2690	-0.038396	-0.020605
2691	-0.038399	-0.020638
2692	-0.038398	-0.020676
2693	-0.038398	-0.020714
2694	-0.038403	-0.020750
2695	-0.038397	-0.020790
2696	-0.038397	-0.020829
2697	-0.038398	-0.020867
2698	-0.038403	-0.020905
2699	-0.038396	-0.020942
2700	-0.038400	-0.020981
2701	-0.038400	-0.021020
2702	-0.038407	-0.021067
2703	-0.038398	-0.021095
2704	-0.038399	-0.021136
2705	-0.038398	-0.021174
2706	-0.038398	-0.021212
2707	-0.038400	-0.021250
2708	-0.038399	-0.021290
2709	-0.038399	-0.021324
2710	-0.038402	-0.021366
2711	-0.038400	-0.021403
2712	-0.038399	-0.021443
2713	-0.038397	-0.021480
2714	-0.038401	-0.021521
2715	-0.038400	-0.021558
2716	-0.038399	-0.021597
2717	-0.038400	-0.021635
2718	-0.038398	-0.021676
2719	-0.038400	-0.021716
2720	-0.038397	-0.021754
2721	-0.038401	-0.021793
2722	-0.038398	-0.021830
2723	-0.038400	-0.021872
2724	-0.038400	-0.021910
2725	-0.038402	-0.021947
2726	-0.038400	-0.021981
2727	-0.038400	-0.022026
2728	-0.038402	-0.022067
2729	-0.038398	-0.022104
2730	-0.038404	-0.022141
2731	-0.038402	-0.022182
2732	-0.038401	-0.022224
2733	-0.038400	-0.022263
2734	-0.038403	-0.022305
2735	-0.038401	-0.022341
2736	-0.038401	-0.022381
2737	-0.038398	-0.022421
2738	-0.038376	-0.022440
2739	-0.038401	-0.022501
2740	-0.038403	-0.022540
2741	-0.038400	-0.022580
2742	-0.038404	-0.022618
2743	-0.038403	-0.022659
2744	-0.038403	-0.022696
2745	-0.038400	-0.022736
2746	-0.038409	-0.022775
2747	-0.038403	-0.022821
2748	-0.038401	-0.022858
2749	-0.038403	-0.022898
2750	-0.038409	-0.022933
2751	-0.038404	-0.022978
2752	-0.038403	-0.023018
2753	-0.038405	-0.023057
2754	-0.038406	-0.023098
2755	-0.038403	-0.023138
2756	-0.038401	-0.023180
2757	-0.038404	-0.023219
2758	-0.038394	-0.023258
2759	-0.038399	-0.023299
2760	-0.038402	-0.023340
2761	-0.038402	-0.023379
2762	-0.038409	-0.023415
2763	-0.038401	-0.023459
2764	-0.038403	-0.023502
2765	-0.038402	-0.023542
2766	-0.038424	-0.023593
2767	-0.038404	-0.023621
2768	-0.038403	-0.023663
2769	-0.038404	-0.023704
2770	-0.038397	-0.023744
2771	-0.038407	-0.023786
2772	-0.038404	-0.023827
2773	-0.038405	-0.023869
2774	-0.038407	-0.023905
2775	-0.038405	-0.023948
2776	-0.038405	-0.023990
2777	-0.038405	-0.024031
2778	-0.038404	-0.024075
2779	-0.038403	-0.024114
2780	-0.038405	-0.024155
2781	-0.038406	-0.024196
2782	-0.038407	-0.024236
2783	-0.038404	-0.024280
2784	-0.038405	-0.024321
2785	-0.038403	-0.024361
2786	-0.038409	-0.024407
2787	-0.038406	-0.024443
2788	-0.038406	-0.024485
2789	-0.038406	-0.024528
2790	-0.038404	-0.024569
2791	-0.038405	-0.024609
2792	-0.038405	-0.024651
2793	-0.038405	-0.024692
2794	-0.038399	-0.024729
2795	-0.038406	-0.024774
2796	-0.038405	-0.024820
2797	-0.038407	-0.024861
2798	-0.038408	-0.024900
2799	-0.038406	-0.024945
2800	-0.038406	-0.024985
2801	-0.038406	-0.025028
2802	-0.038403	-0.025073
2803	-0.038406	-0.025112
2804	-0.038408	-0.025154
2805	-0.038406	-0.025196
2806	-0.038412	-0.025243
2807	-0.038407	-0.025283
2808	-0.038406	-0.025322
2809	-0.038406	-0.025364
2810	-0.038406	-0.025412
2811	-0.038407	-0.025451
2812	-0.038407	-0.025492
2813	-0.038408	-0.025535
2814	-0.038394	-0.025579
2815	-0.038407	-0.025621
2816	-0.038405	-0.025663
2817	-0.038409	-0.025705
2818	-0.038409	-0.025746
2819	-0.038407	-0.025790
2820	-0.038407	-0.025833
2821	-0.038407	-0.025878
2822	-0.038411	-0.025921
2823	-0.038411	-0.025962
2824	-0.038410	-0.026006
2825	-0.038408	-0.026048
2826	-0.038408	-0.026089
2827	-0.038410	-0.026136
2828	-0.038409	-0.026177
2829	-0.038409	-0.026222
2830	-0.038415	-0.026254
2831	-0.038408	-0.026310
2832	-0.038407	-0.026351
2833	-0.038406	-0.026395
2834	-0.038405	-0.026439
2835	-0.038410	-0.026480
2836	-0.038408	-0.026524
2837	-0.038409	-0.026570
2838	-0.038404	-0.026614
2839	-0.038410	-0.026658
2840	-0.038410	-0.026700
2841	-0.038411	-0.026743
2842	-0.038411	-0.026790
2843	-0.038408	-0.026831
2844	-0.038411	-0.026876
2845	-0.038410	-0.026921
2846	-0.038413	-0.026968
2847	-0.038410	-0.027007
2848	-0.038411	-0.027050
2849	-0.038410	-0.027097
2850	-0.038413	-0.027137
2851	-0.038412	-0.027184
2852	-0.038412	-0.027228
2853	-0.038409	-0.027271
2854	-0.038420	-0.027314
2855	-0.038410	-0.027361
2856	-0.038412	-0.027407
2857	-0.038410	-0.027451
2858	-0.038412	-0.027493
2859	-0.038411	-0.027539
2860	-0.038409	-0.027586
2861	-0.038412	-0.027629
2862	-0.038414	-0.027689
2863	-0.038413	-0.027719
2864	-0.038411	-0.027763
2865	-0.038411	-0.027807
2866	-0.038395	-0.027836
2867	-0.038411	-0.027898
2868	-0.038411	-0.027946
2869	-0.038411	-0.027988
2870	-0.038402	-0.028035
2871	-0.038411	-0.028078
2872	-0.038413	-0.028127
2873	-0.038412	-0.028168
2874	-0.038416	-0.028213
2875	-0.038414	-0.028261
2876	-0.038412	-0.028306
2877	-0.038414	-0.028350
2878	-0.038409	-0.028399
2879	-0.038412	-0.028445
2880	-0.038413	-0.028489
2881	-0.038415	-0.028537
2882	-0.038416	-0.028580
2883	-0.038414	-0.028627
2884	-0.038415	-0.028673
2885	-0.038415	-0.028717
2886	-0.038419	-0.028765
2887	-0.038414	-0.028810
2888	-0.038415	-0.028857
2889	-0.038413	-0.028903
2890	-0.038414	-0.028945
2891	-0.038415	-0.028995
2892	-0.038415	-0.029042
2893	-0.038416	-0.029088
2894	-0.038402	-0.029149
2895	-0.038414	-0.029181
2896	-0.038416	-0.029228
2897	-0.038413	-0.029276
2898	-0.038416	-0.029329
2899	-0.038416	-0.029367
2900	-0.038414	-0.029415
2901	-0.038415	-0.029460
2902	-0.038408	-0.029516
2903	-0.038418	-0.029554
2904	-0.038414	-0.029603
2905	-0.038417	-0.029648
2906	-0.038409	-0.029700
2907	-0.038414	-0.029746
2908	-0.038417	-0.029791
2909	-0.038415	-0.029838
2910	-0.038415	-0.029881
2911	-0.038417	-0.029935
2912	-0.038416	-0.029979
2913	-0.038418	-0.030027
2914	-0.038414	-0.030075
2915	-0.038418	-0.030124
2916	-0.038415	-0.030172
2917	-0.038417	-0.030220
2918	-0.038418	-0.030269
2919	-0.038417	-0.030315
2920	-0.038416	-0.030363
2921	-0.038418	-0.030409
2922	-0.038417	-0.030464
2923	-0.038418	-0.030508
2924	-0.038416	-0.030555
2925	-0.038420	-0.030604
2926	-0.038421	-0.030658
2927	-0.038418	-0.030700
2928	-0.038418	-0.030747
2929	-0.038419	-0.030796
2930	-0.038459	-0.030829
2931	-0.038418	-0.030896
2932	-0.038419	-0.030942
2933	-0.038421	-0.030991
2934	-0.038421	-0.031038
2935	-0.038418	-0.031090
2936	-0.038418	-0.031138
2937	-0.038421	-0.031189
2938	-0.038419	-0.031239
2939	-0.038420	-0.031284
2940	-0.038420	-0.031333
2941	-0.038418	-0.031383
2942	-0.038423	-0.031430
2943	-0.038421	-0.031482
2944	-0.038420	-0.031531
2945	-0.038421	-0.031581
2946	-0.038423	-0.031629
2947	-0.038420	-0.031680
2948	-0.038420	-0.031728
2949	-0.038421	-0.031777
2950	-0.038421	-0.031829
2951	-0.038420	-0.031880
2952	-0.038422	-0.031927
2953	-0.038423	-0.031979
2954	-0.038408	-0.032026
2955	-0.038424	-0.032078
2956	-0.038423	-0.032128
2957	-0.038420	-0.032176
2958	-0.038424	-0.032242
2959	-0.038422	-0.032278
2960	-0.038423	-0.032330
2961	-0.038425	-0.032378
2962	-0.038418	-0.032423
2963	-0.038421	-0.032482
2964	-0.038422	-0.032533
2965	-0.038426	-0.032585
2966	-0.038408	-0.032635
2967	-0.038425	-0.032683
2968	-0.038424	-0.032736
2969	-0.038424	-0.032788
2970	-0.038431	-0.032836
2971	-0.038422	-0.032886
2972	-0.038423	-0.032939
2973	-0.038423	-0.032991
2974	-0.038426	-0.033045
2975	-0.038422	-0.033096
2976	-0.038426	-0.033145
2977	-0.038424	-0.033199
2978	-0.038426	-0.033247
2979	-0.038426	-0.033298
2980	-0.038425	-0.033352
2981	-0.038423	-0.033403
2982	-0.038426	-0.033457
2983	-0.038423	-0.033507
2984	-0.038425	-0.033560
2985	-0.038425	-0.033610
2986	-0.038428	-0.033664
2987	-0.038424	-0.033717
2988	-0.038425	-0.033768
2989	-0.038426	-0.033819
2990	-0.038427	-0.033875
2991	-0.038424	-0.033925
2992	-0.038427	-0.033977
2993	-0.038426	-0.034030
2994	-0.038419	-0.034045
2995	-0.038426	-0.034134
2996	-0.038426	-0.034191
2997	-0.038428	-0.034241
2998	-0.038425	-0.034287
2999	-0.038428	-0.034349
3000	-0.038429	-0.034403
3001	-0.038429	-0.034455
3002	-0.038424	-0.034509
3003	-0.038427	-0.034561
3004	-0.038429	-0.034615
3005	-0.038429	-0.034669
3006	-0.038423	-0.034718
3007	-0.038428	-0.034775
3008	-0.038428	-0.034831
3009	-0.038429	-0.034883
3010	-0.038428	-0.034937
3011	-0.038428	-0.034992
3012	-0.038430	-0.035047
3013	-0.038430	-0.035099
3014	-0.038428	-0.035159
3015	-0.038430	-0.035209
3016	-0.038428	-0.035262
3017	-0.038430	-0.035319
3018	-0.038427	-0.035375
3019	-0.038429	-0.035428
3020	-0.038430	-0.035482
3021	-0.038429	-0.035536
3022	-0.038467	-0.035599
3023	-0.038429	-0.035645
3024	-0.038429	-0.035699
3025	-0.038432	-0.035758
3026	-0.038437	-0.035810
3027	-0.038431	-0.035865
3028	-0.038430	-0.035922
3029	-0.038431	-0.035978
3030	-0.038435	-0.036037
3031	-0.038428	-0.036085
3032	-0.038431	-0.036144
3033	-0.038431	-0.036199
3034	-0.038431	-0.036250
3035	-0.038432	-0.036309
3036	-0.038432	-0.036368
3037	-0.038434	-0.036422
3038	-0.038436	-0.036476
3039	-0.038434	-0.036535
3040	-0.038435	-0.036591
3041	-0.038436	-0.036649
3042	-0.038432	-0.036701
3043	-0.038436	-0.036760
3044	-0.038434	-0.036820
3045	-0.038435	-0.036875
3046	-0.038430	-0.036936
3047	-0.038433	-0.036986
3048	-0.038436	-0.037045
3049	-0.038434	-0.037103
3050	-0.038431	-0.037158
3051	-0.038435	-0.037218
3052	-0.038434	-0.037274
3053	-0.038434	-0.037332
3054	-0.038432	-0.037384
3055	-0.038436	-0.037447
3056	-0.038438	-0.037504
3057	-0.038438	-0.037560
3058	-0.038445	-0.037618
3059	-0.038436	-0.037676
3060	-0.038438	-0.037735
3061	-0.038434	-0.037792
3062	-0.038436	-0.037847
3063	-0.038439	-0.037910
3064	-0.038439	-0.037969
3065	-0.038439	-0.038027
3066	-0.038446	-0.038081
3067	-0.038439	-0.038147
3068	-0.038436	-0.038202
3069	-0.038440	-0.038257
3070	-0.038440	-0.038318
3071	-0.038437	-0.038378
3072	-0.038437	-0.038436
3073	-0.038439	-0.038498
3074	-0.038430	-0.038558
3075	-0.038440	-0.038615
3076	-0.038438	-0.038674
3077	-0.038437	-0.038737
3078	-0.038440	-0.038804
3079	-0.038440	-0.038856
3080	-0.038439	-0.038915
3081	-0.038440	-0.038972
3082	-0.038441	-0.039039
3083	-0.038441	-0.039094
3084	-0.038441	-0.039156
3085	-0.038444	-0.039216
3086	-0.038408	-0.039276
3087	-0.038442	-0.039336
3088	-0.038440	-0.039397
3089	-0.038441	-0.039457
3090	-0.038447	-0.039516
3091	-0.038441	-0.039581
3092	-0.038441	-0.039640
3093	-0.038442	-0.039700
3094	-0.038448	-0.039755
3095	-0.038441	-0.039826
3096	-0.038443	-0.039885
3097	-0.038444	-0.039946
3098	-0.038442	-0.040008
3099	-0.038443	-0.040068
3100	-0.038444	-0.040132
3101	-0.038444	-0.040193
3102	-0.038445	-0.040245
3103	-0.038445	-0.040317
3104	-0.038443	-0.040380
3105	-0.038445	-0.040441
3106	-0.038441	-0.040504
3107	-0.038448	-0.040568
3108	-0.038448	-0.040629
3109	-0.038447	-0.040693
3110	-0.038447	-0.040748
3111	-0.038446	-0.040817
3112	-0.038446	-0.040879
3113	-0.038445	-0.040943
3114	-0.038450	-0.041014
3115	-0.038447	-0.041069
3116	-0.038447	-0.041134
3117	-0.038445	-0.041198
3118	-0.038443	-0.041256
3119	-0.038447	-0.041324
3120	-0.038449	-0.041387
3121	-0.038446	-0.041451
3122	-0.038437	-0.041515
3123	-0.038447	-0.041582
3124	-0.038448	-0.041644
3125	-0.038449	-0.041710
3126	-0.038442	-0.041773
3127	-0.038450	-0.041837
3128	-0.038448	-0.041903
3129	-0.038447	-0.041965
3130	-0.038444	-0.042031
3131	-0.038449	-0.042097
3132	-0.038451	-0.042164
3133	-0.038450	-0.042227
3134	-0.038450	-0.042295
3135	-0.038449	-0.042359
3136	-0.038451	-0.042425
3137	-0.038451	-0.042488
3138	-0.038455	-0.042559
3139	-0.038451	-0.042620
3140	-0.038451	-0.042687
3141	-0.038452	-0.042756
3142	-0.038451	-0.042830
3143	-0.038452	-0.042884
3144	-0.038452	-0.042953
3145	-0.038452	-0.043016
3146	-0.038452	-0.043088
3147	-0.038454	-0.043152
3148	-0.038454	-0.043217
3149	-0.038453	-0.043286
3150	-0.038469	-0.043373
3151	-0.038455	-0.043423
3152	-0.038455	-0.043488
3153	-0.038455	-0.043557
3154	-0.038457	-0.043628
3155	-0.038453	-0.043691
3156	-0.038456	-0.043760
3157	-0.038456	-0.043828
3158	-0.038463	-0.043875
3159	-0.038457	-0.043964
3160	-0.038457	-0.044032
3161	-0.038458	-0.044101
3162	-0.038454	-0.044168
3163	-0.038455	-0.044240
3164	-0.038457	-0.044306
3165	-0.038457	-0.044374
3166	-0.038461	-0.044441
3167	-0.038458	-0.044512
3168	-0.038457	-0.044584
3169	-0.038458	-0.044654
3170	-0.038458	-0.044726
3171	-0.038457	-0.044793
3172	-0.038459	-0.044864
3173	-0.038458	-0.044932
3174	-0.038463	-0.045005
3175	-0.038461	-0.045071
3176	-0.038461	-0.045143
3177	-0.038463	-0.045213
3178	-0.038466	-0.045276
3179	-0.038460	-0.045353
3180	-0.038461	-0.045425
3181	-0.038461	-0.045497
3182	-0.038467	-0.045564
3183	-0.038460	-0.045640
3184	-0.038463	-0.045710
3185	-0.038463	-0.045781
3186	-0.038476	-0.045902
3187	-0.038463	-0.045925
3188	-0.038464	-0.046000
3189	-0.038464	-0.046071
3190	-0.038471	-0.046137
3191	-0.038466	-0.046215
3192	-0.038465	-0.046289
3193	-0.038464	-0.046363
3194	-0.038461	-0.046437
3195	-0.038466	-0.046506
3196	-0.038463	-0.046578
3197	-0.038464	-0.046650
3198	-0.038473	-0.046733
3199	-0.038466	-0.046798
3200	-0.038466	-0.046870
3201	-0.038468	-0.046948
3202	-0.038464	-0.047018
3203	-0.038466	-0.047095
3204	-0.038466	-0.047167
3205	-0.038466	-0.047243
3206	-0.038477	-0.047323
3207	-0.038468	-0.047392
3208	-0.038469	-0.047464
3209	-0.038468	-0.047538
3210	-0.038473	-0.047617
3211	-0.038473	-0.047689
3212	-0.038468	-0.047765
3213	-0.038470	-0.047838
3214	-0.038477	-0.047912
3215	-0.038470	-0.047991
3216	-0.038471	-0.048068
3217	-0.038469	-0.048140
3218	-0.038464	-0.048218
3219	-0.038473	-0.048294
3220	-0.038472	-0.048373
3221	-0.038472	-0.048446
3222	-0.038471	-0.048519
3223	-0.038474	-0.048603
3224	-0.038473	-0.048680
3225	-0.038472	-0.048756
3226	-0.038471	-0.048834
3227	-0.038474	-0.048913
3228	-0.038473	-0.048989
3229	-0.038475	-0.049067
3230	-0.038481	-0.049147
3231	-0.038475	-0.049221
3232	-0.038475	-0.049302
3233	-0.038475	-0.049380
3234	-0.038472	-0.049457
3235	-0.038477	-0.049536
3236	-0.038477	-0.049618
3237	-0.038477	-0.049694
3238	-0.038477	-0.049775
3239	-0.038477	-0.049853
3240	-0.038478	-0.049932
3241	-0.038477	-0.050012
3242	-0.038474	-0.050086
3243	-0.038478	-0.050172
3244	-0.038479	-0.050254
3245	-0.038479	-0.050333
3246	-0.038480	-0.050421
3247	-0.038478	-0.050494
3248	-0.038480	-0.050576
3249	-0.038479	-0.050658
3250	-0.038459	-0.050749
3251	-0.038481	-0.050820
3252	-0.038481	-0.050900
3253	-0.038481	-0.050983
3254	-0.038485	-0.051067
3255	-0.038484	-0.051147
3256	-0.038484	-0.051227
3257	-0.038482	-0.051310
3258	-0.038483	-0.051400
3259	-0.038483	-0.051476
3260	-0.038484	-0.051557
3261	-0.038483	-0.051641
3262	-0.038479	-0.051727
3263	-0.038484	-0.051811
3264	-0.038483	-0.051891
3265	-0.038485	-0.051977
3266	-0.038481	-0.052056
3267	-0.038486	-0.052142
3268	-0.038486	-0.052227
3269	-0.038487	-0.052313
3270	-0.038483	-0.052398
3271	-0.038489	-0.052480
3272	-0.038489	-0.052565
3273	-0.038488	-0.052653
3274	-0.038491	-0.052738
3275	-0.038490	-0.052822
3276	-0.038490	-0.052909
3277	-0.038490	-0.052993
3278	-0.038522	-0.053068
3279	-0.038491	-0.053166
3280	-0.038490	-0.053253
3281	-0.038490	-0.053339
3282	-0.038485	-0.053422
3283	-0.038492	-0.053513
3284	-0.038493	-0.053599
3285	-0.038493	-0.053684
3286	-0.038498	-0.053774
3287	-0.038492	-0.053863
3288	-0.038494	-0.053949
3289	-0.038496	-0.054039
3290	-0.038492	-0.054132
3291	-0.038495	-0.054215
3292	-0.038495	-0.054302
3293	-0.038496	-0.054392
3294	-0.038491	-0.054485
3295	-0.038495	-0.054572
3296	-0.038496	-0.054659
3297	-0.038497	-0.054749
3298	-0.038504	-0.054835
3299	-0.038499	-0.054929
3300	-0.038499	-0.055022
3301	-0.038501	-0.055111
3302	-0.038510	-0.055198
3303	-0.038499	-0.055292
3304	-0.038500	-0.055384
3305	-0.038500	-0.055475
3306	-0.038492	-0.055564
3307	-0.038501	-0.055658
3308	-0.038501	-0.055749
3309	-0.038504	-0.055841
3310	-0.038500	-0.055934
3311	-0.038504	-0.056030
3312	-0.038503	-0.056121
3313	-0.038505	-0.056213
3314	-0.038509	-0.056313
3315	-0.038503	-0.056398
3316	-0.038503	-0.056494
3317	-0.038505	-0.056585
3318	-0.038497	-0.056679
3319	-0.038503	-0.056775
3320	-0.038505	-0.056869
3321	-0.038506	-0.056966
3322	-0.038506	-0.057057
3323	-0.038507	-0.057155
3324	-0.038505	-0.057249
3325	-0.038506	-0.057344
3326	-0.038507	-0.057447
3327	-0.038508	-0.057538
3328	-0.038508	-0.057633
3329	-0.038509	-0.057730
3330	-0.038512	-0.057830
3331	-0.038510	-0.057925
3332	-0.038511	-0.058019
3333	-0.038511	-0.058118
3334	-0.038508	-0.058225
3335	-0.038514	-0.058315
3336	-0.038512	-0.058411
3337	-0.038516	-0.058510
3338	-0.038511	-0.058608
3339	-0.038516	-0.058706
3340	-0.038512	-0.058805
3341	-0.038515	-0.058904
3342	-0.038511	-0.059010
3343	-0.038513	-0.059104
3344	-0.038517	-0.059204
3345	-0.038516	-0.059304
3346	-0.038523	-0.059407
3347	-0.038517	-0.059505
3348	-0.038520	-0.059607
3349	-0.038517	-0.059706
3350	-0.038521	-0.059799
3351	-0.038519	-0.059908
3352	-0.038521	-0.060011
3353	-0.038520	-0.060115
3354	-0.038521	-0.060215
3355	-0.038522	-0.060318
3356	-0.038522	-0.060423
3357	-0.038522	-0.060524
3358	-0.038527	-0.060638
3359	-0.038522	-0.060731
3360	-0.038521	-0.060835
3361	-0.038525	-0.060941
3362	-0.038522	-0.061043
3363	-0.038528	-0.061150
3364	-0.038526	-0.061253
3365	-0.038525	-0.061359
3366	-0.038523	-0.061464
3367	-0.038528	-0.061571
3368	-0.038527	-0.061676
3369	-0.038529	-0.061781
3370	-0.038532	-0.061888
3371	-0.038530	-0.061995
3372	-0.038528	-0.062102
3373	-0.038530	-0.062209
3374	-0.038535	-0.062317
3375	-0.038530	-0.062423
3376	-0.038530	-0.062532
3377	-0.038531	-0.062642
3378	-0.038510	-0.062768
3379	-0.038531	-0.062860
3380	-0.038534	-0.062969
3381	-0.038537	-0.063078
3382	-0.038539	-0.063193
3383	-0.038534	-0.063295
3384	-0.038537	-0.063406
3385	-0.038535	-0.063518
3386	-0.038541	-0.063630
3387	-0.038538	-0.063740
3388	-0.038537	-0.063852
3389	-0.038538	-0.063962
3390	-0.038541	-0.064081
3391	-0.038540	-0.064188
3392	-0.038539	-0.064300
3393	-0.038543	-0.064414
3394	-0.038537	-0.064527
3395	-0.038542	-0.064638
3396	-0.038542	-0.064754
3397	-0.038540	-0.064866
3398	-0.038541	-0.064979
3399	-0.038544	-0.065100
3400	-0.038546	-0.065212
3401	-0.038541	-0.065326
3402	-0.038544	-0.065444
3403	-0.038545	-0.065559
3404	-0.038547	-0.065675
3405	-0.038550	-0.065793
3406	-0.038537	-0.065905
3407	-0.038546	-0.066026
3408	-0.038549	-0.066142
3409	-0.038550	-0.066262
3410	-0.038546	-0.066386
3411	-0.038550	-0.066495
3412	-0.038552	-0.066616
3413	-0.038555	-0.066734
3414	-0.038550	-0.066860
3415	-0.038552	-0.066970
3416	-0.038553	-0.067094
3417	-0.038555	-0.067215
3418	-0.038556	-0.067335
3419	-0.038557	-0.067455
3420	-0.038556	-0.067578
3421	-0.038559	-0.067699
3422	-0.038555	-0.067819
3423	-0.038559	-0.067941
3424	-0.038559	-0.068067
3425	-0.038560	-0.068188
3426	-0.038560	-0.068314
3427	-0.038561	-0.068436
3428	-0.038561	-0.068561
3429	-0.038565	-0.068684
3430	-0.038560	-0.068802
3431	-0.038564	-0.068935
3432	-0.038565	-0.069060
3433	-0.038566	-0.069187
3434	-0.038564	-0.069307
3435	-0.038565	-0.069438
3436	-0.038568	-0.069565
3437	-0.038566	-0.069693
3438	-0.038568	-0.069806
3439	-0.038570	-0.069946
3440	-0.038571	-0.070077
3441	-0.038569	-0.070204
3442	-0.038530	-0.070302
3443	-0.038571	-0.070463
3444	-0.038571	-0.070592
3445	-0.038572	-0.070722
3446	-0.038586	-0.070873
3447	-0.038577	-0.070985
3448	-0.038575	-0.071116
3449	-0.038577	-0.071244
3450	-0.038579	-0.071375
3451	-0.038577	-0.071515
3452	-0.038577	-0.071644
3453	-0.038578	-0.071779
3454	-0.038573	-0.071911
3455	-0.038579	-0.072045
3456	-0.038582	-0.072180
3457	-0.038581	-0.072315
3458	-0.038576	-0.072454
3459	-0.038584	-0.072584
3460	-0.038585	-0.072724
3461	-0.038584	-0.072859
3462	-0.038579	-0.073016
3463	-0.038585	-0.073130
3464	-0.038588	-0.073269
3465	-0.038586	-0.073404
3466	-0.038593	-0.073550
3467	-0.038590	-0.073684
3468	-0.038589	-0.073820
3469	-0.038594	-0.073964
3470	-0.038560	-0.074110
3471	-0.038594	-0.074244
3472	-0.038596	-0.074385
3473	-0.038594	-0.074525
3474	-0.038592	-0.074665
3475	-0.038594	-0.074809
3476	-0.038597	-0.074952
3477	-0.038597	-0.075095
3478	-0.038599	-0.075240
3479	-0.038599	-0.075380
3480	-0.038600	-0.075526
3481	-0.038600	-0.075673
3482	-0.038605	-0.075814
3483	-0.038604	-0.075963
3484	-0.038603	-0.076108
3485	-0.038604	-0.076256
3486	-0.038590	-0.076400
3487	-0.038606	-0.076550
3488	-0.038606	-0.076699
3489	-0.038605	-0.076846
3490	-0.038604	-0.076998
3491	-0.038610	-0.077144
3492	-0.038609	-0.077295
3493	-0.038611	-0.077443
3494	-0.038613	-0.077597
3495	-0.038614	-0.077748
3496	-0.038615	-0.077899
3497	-0.038616	-0.078052
3498	-0.038617	-0.078212
3499	-0.038617	-0.078358
3500	-0.038616	-0.078511
3501	-0.038617	-0.078665
3502	-0.038615	-0.078816
3503	-0.038619	-0.078973
3504	-0.038620	-0.079130
3505	-0.038621	-0.079284
3506	-0.038599	-0.079459
3507	-0.038625	-0.079598
3508	-0.038626	-0.079759
3509	-0.038628	-0.079914
3510	-0.038633	-0.080079
3511	-0.038626	-0.080234
3512	-0.038631	-0.080394
3513	-0.038629	-0.080553
3514	-0.038627	-0.080710
3515	-0.038630	-0.080877
3516	-0.038634	-0.081039
3517	-0.038634	-0.081199
3518	-0.038635	-0.081366
3519	-0.038634	-0.081526
3520	-0.038636	-0.081691
3521	-0.038640	-0.081853
3522	-0.038637	-0.082021
3523	-0.038641	-0.082184
3524	-0.038640	-0.082352
3525	-0.038642	-0.082517
3526	-0.038637	-0.082691
3527	-0.038644	-0.082853
3528	-0.038645	-0.083020
3529	-0.038646	-0.083190
3530	-0.038647	-0.083360
3531	-0.038650	-0.083529
3532	-0.038650	-0.083703
3533	-0.038653	-0.083872
3534	-0.038712	-0.084122
3535	-0.038652	-0.084217
3536	-0.038655	-0.084391
3537	-0.038653	-0.084565
3538	-0.038651	-0.084743
3539	-0.038656	-0.084915
3540	-0.038661	-0.085088
3541	-0.038658	-0.085263
3542	-0.038665	-0.085437
3543	-0.038661	-0.085619
3544	-0.038662	-0.085798
3545	-0.038664	-0.085974
3546	-0.038662	-0.086144
3547	-0.038667	-0.086332
3548	-0.038665	-0.086515
3549	-0.038669	-0.086697
3550	-0.038660	-0.086876
3551	-0.038672	-0.087061
3552	-0.038672	-0.087244
3553	-0.038672	-0.087427
3554	-0.038665	-0.087611
3555	-0.038674	-0.087797
3556	-0.038678	-0.087980
3557	-0.038677	-0.088169
3558	-0.038680	-0.088352
3559	-0.038682	-0.088544
3560	-0.038683	-0.088730
3561	-0.038684	-0.088916
3562	-0.038698	-0.089111
3563	-0.038686	-0.089299
3564	-0.038686	-0.089492
3565	-0.038687	-0.089683
3566	-0.038687	-0.089875
3567	-0.038692	-0.090069
3568	-0.038692	-0.090263
3569	-0.038694	-0.090457
3570	-0.038692	-0.090597
3571	-0.038697	-0.090849
3572	-0.038695	-0.091044
3573	-0.038700	-0.091243
3574	-0.038693	-0.091433
3575	-0.038700	-0.091640
3576	-0.038702	-0.091840
3577	-0.038704	-0.092039
3578	-0.038702	-0.092245
3579	-0.038707	-0.092443
3580	-0.038708	-0.092645
3581	-0.038709	-0.092851
3582	-0.038706	-0.093053
3583	-0.038710	-0.093261
3584	-0.038714	-0.093466
3585	-0.038714	-0.093673
3586	-0.038724	-0.093876
3587	-0.038719	-0.094086
3588	-0.038722	-0.094296
3589	-0.038723	-0.094506
3590	-0.038727	-0.094720
3591	-0.038724	-0.094930
3592	-0.038728	-0.095143
3593	-0.038728	-0.095355
3594	-0.038727	-0.095569
3595	-0.038732	-0.095780
3596	-0.038733	-0.095997
3597	-0.038734	-0.096215
3598	-0.038748	-0.096428
3599	-0.038737	-0.096651
3600	-0.038738	-0.096869
3601	-0.038740	-0.097090
3602	-0.038737	-0.097314
3603	-0.038745	-0.097534
3604	-0.038746	-0.097754
3605	-0.038746	-0.097978
3606	-0.038743	-0.098201
3607	-0.038751	-0.098428
3608	-0.038752	-0.098653
3609	-0.038753	-0.098880
3610	-0.038754	-0.099107
3611	-0.038758	-0.099338
3612	-0.038759	-0.099568
3613	-0.038760	-0.099797
3614	-0.038767	-0.100040
3615	-0.038763	-0.100263
3616	-0.038765	-0.100497
3617	-0.038771	-0.100731
3618	-0.038776	-0.100962
3619	-0.038772	-0.101202
3620	-0.038773	-0.101440
3621	-0.038774	-0.101680
3622	-0.038781	-0.101923
3623	-0.038781	-0.102160
3624	-0.038781	-0.102401
3625	-0.038783	-0.102641
3626	-0.038790	-0.102879
3627	-0.038788	-0.103131
3628	-0.038789	-0.103378
3629	-0.038790	-0.103625
3630	-0.038793	-0.103879
3631	-0.038793	-0.104119
3632	-0.038796	-0.104372
3633	-0.038798	-0.104620
3634	-0.038803	-0.104843
3635	-0.038804	-0.105124
3636	-0.038803	-0.105382
3637	-0.038807	-0.105636
3638	-0.038808	-0.105891
3639	-0.038812	-0.106149
3640	-0.038811	-0.106409
3641	-0.038811	-0.106668
3642	-0.038823	-0.106927
3643	-0.038819	-0.107191
3644	-0.038821	-0.107454
3645	-0.038823	-0.107719
3646	-0.038821	-0.107990
3647	-0.038827	-0.108253
3648	-0.038830	-0.108519
3649	-0.038830	-0.108790
3650	-0.038831	-0.109055
3651	-0.038832	-0.109330
3652	-0.038837	-0.109605
3653	-0.038841	-0.109876
3654	-0.038841	-0.110149
3655	-0.038846	-0.110429
3656	-0.038847	-0.110706
3657	-0.038851	-0.110984
3658	-0.038850	-0.111263
3659	-0.038856	-0.111545
3660	-0.038857	-0.111830
3661	-0.038856	-0.112115
3662	-0.038876	-0.112406
3663	-0.038863	-0.112688
3664	-0.038865	-0.112973
3665	-0.038868	-0.113264
3666	-0.038873	-0.113546
3667	-0.038872	-0.113845
3668	-0.038879	-0.114139
3669	-0.038878	-0.114434
3670	-0.038879	-0.114721
3671	-0.038886	-0.115028
3672	-0.038886	-0.115328
3673	-0.038888	-0.115629
3674	-0.038892	-0.115936
3675	-0.038894	-0.116237
3676	-0.038896	-0.116540
3677	-0.038901	-0.116848
3678	-0.038905	-0.117154
3679	-0.038903	-0.117462
3680	-0.038908	-0.117774
3681	-0.038908	-0.118086
3682	-0.038916	-0.118399
3683	-0.038913	-0.118717
3684	-0.038918	-0.119032
3685	-0.038920	-0.119353
3686	-0.038917	-0.119671
3687	-0.038927	-0.119995
3688	-0.038931	-0.120316
3689	-0.038935	-0.120638
3690	-0.038941	-0.120968
3691	-0.038937	-0.121294
3692	-0.038942	-0.121626
3693	-0.038944	-0.121960
3694	-0.038951	-0.122285
3695	-0.038950	-0.122625
3696	-0.038954	-0.122960
3697	-0.038956	-0.123297
3698	-0.038962	-0.123620
3699	-0.038962	-0.123979
3700	-0.038965	-0.124324
3701	-0.038970	-0.124670
3702	-0.038972	-0.125012
3703	-0.038975	-0.125365
3704	-0.038978	-0.125716
3705	-0.038982	-0.126068
3706	-0.038985	-0.126423
3707	-0.038988	-0.126777
3708	-0.038994	-0.127137
3709	-0.038996	-0.127497
3710	-0.038994	-0.127861
3711	-0.039003	-0.128223
3712	-0.039007	-0.128586
3713	-0.039011	-0.128954
3714	-0.039013	-0.129318
3715	-0.039016	-0.129695
3716	-0.039022	-0.130069
3717	-0.039023	-0.130444
3718	-0.039023	-0.130825
3719	-0.039035	-0.131200
3720	-0.039037	-0.131584
3721	-0.039038	-0.131966
3722	-0.039042	-0.132356
3723	-0.039045	-0.132741
3724	-0.039052	-0.133131
3725	-0.039051	-0.133525
3726	-0.039059	-0.133919
3727	-0.039063	-0.134315
3728	-0.039066	-0.134714
3729	-0.039067	-0.135112
3730	-0.039078	-0.135522
3731	-0.039080	-0.135924
3732	-0.039083	-0.136331
3733	-0.039090	-0.136743
3734	-0.039076	-0.137154
3735	-0.039094	-0.137570
3736	-0.039097	-0.137986
3737	-0.039103	-0.138404
3738	-0.039110	-0.138828
3739	-0.039112	-0.139254
3740	-0.039117	-0.139682
3741	-0.039125	-0.140111
3742	-0.039093	-0.140538
3743	-0.039128	-0.140979
3744	-0.039137	-0.141415
3745	-0.039140	-0.141856
3746	-0.039147	-0.142294
3747	-0.039148	-0.142741
3748	-0.039153	-0.143189
3749	-0.039160	-0.143640
3750	-0.039165	-0.144052
3751	-0.039170	-0.144548
3752	-0.039172	-0.145008
3753	-0.039178	-0.145470
3754	-0.039181	-0.145933
3755	-0.039187	-0.146401
3756	-0.039192	-0.146872
3757	-0.039200	-0.147342
3758	-0.039247	-0.147800
3759	-0.039208	-0.148297
3760	-0.039213	-0.148777
3761	-0.039219	-0.149263
3762	-0.039276	-0.149731
3763	-0.039231	-0.150244
3764	-0.039234	-0.150736
3765	-0.039239	-0.151231
3766	-0.039265	-0.151737
3767	-0.039254	-0.152237
3768	-0.039258	-0.152742
3769	-0.039264	-0.153249
3770	-0.039263	-0.153764
3771	-0.039275	-0.154281
3772	-0.039282	-0.154800
3773	-0.039284	-0.155322
3774	-0.039296	-0.155843
3775	-0.039298	-0.156380
3776	-0.039305	-0.156913
3777	-0.039311	-0.157449
3778	-0.039315	-0.157991
3779	-0.039324	-0.158533
3780	-0.039327	-0.159082
3781	-0.039337	-0.159632
3782	-0.039352	-0.160194
3783	-0.039351	-0.160748
3784	-0.039355	-0.161311
3785	-0.039363	-0.161877
3786	-0.039368	-0.162443
3787	-0.039376	-0.163022
3788	-0.039381	-0.163601
3789	-0.039390	-0.164185
3790	-0.039397	-0.164771
3791	-0.039405	-0.165359
3792	-0.039413	-0.165952
3793	-0.039419	-0.166552
3794	-0.039428	-0.167157
3795	-0.039433	-0.167762
3796	-0.039443	-0.168372
3797	-0.039451	-0.168992
3798	-0.039454	-0.169604
3799	-0.039465	-0.170231
3800	-0.039471	-0.170863
3801	-0.039480	-0.171496
3802	-0.039491	-0.172131
3803	-0.039496	-0.172776
3804	-0.039505	-0.173427
3805	-0.039513	-0.174080
3806	-0.039522	-0.174738
3807	-0.039531	-0.175399
3808	-0.039538	-0.176066
3809	-0.039548	-0.176738
3810	-0.039566	-0.177413
3811	-0.039564	-0.178097
3812	-0.039571	-0.178786
3813	-0.039580	-0.179479
3814	-0.039575	-0.180169
3815	-0.039604	-0.180880
3816	-0.039608	-0.181589
3817	-0.039615	-0.182302
3818	-0.039627	-0.183018
3819	-0.039634	-0.183749
3820	-0.039646	-0.184480
3821	-0.039656	-0.185213
3822	-0.039699	-0.185948
3823	-0.039675	-0.186708
3824	-0.039686	-0.187465
3825	-0.039698	-0.188224
3826	-0.039729	-0.188963
3827	-0.039716	-0.189768
3828	-0.039730	-0.190545
3829	-0.039736	-0.191332
3830	-0.039756	-0.192133
3831	-0.039759	-0.192921
3832	-0.039773	-0.193726
3833	-0.039782	-0.194540
3834	-0.039785	-0.195356
3835	-0.039806	-0.196183
3836	-0.039818	-0.197017
3837	-0.039830	-0.197856
3838	-0.039843	-0.198702
3839	-0.039852	-0.199558
3840	-0.039867	-0.200421
3841	-0.039881	-0.201292
3842	-0.039895	-0.202172
3843	-0.039906	-0.203053
3844	-0.039918	-0.203943
3845	-0.039932	-0.204843
3846	-0.039957	-0.205757
3847	-0.039956	-0.206666
3848	-0.039970	-0.207591
3849	-0.039982	-0.208526
3850	-0.039994	-0.209478
3851	-0.040010	-0.210415
3852	-0.040026	-0.211373
3853	-0.040040	-0.212343
3854	-0.040051	-0.213325
3855	-0.040073	-0.214303
3856	-0.040085	-0.215296
3857	-0.040101	-0.216300
3858	-0.040106	-0.217315
3859	-0.040133	-0.218337
3860	-0.040149	-0.219369
3861	-0.040164	-0.220411
3862	-0.040182	-0.221460
3863	-0.040195	-0.222526
3864	-0.040214	-0.223602
3865	-0.040230	-0.224685
3866	-0.040239	-0.225779
3867	-0.040265	-0.226884
3868	-0.040282	-0.228000
3869	-0.040302	-0.229127
3870	-0.040329	-0.230276
3871	-0.040336	-0.231416
3872	-0.040357	-0.232579
3873	-0.040375	-0.233755
3874	-0.040393	-0.234941
3875	-0.040412	-0.236136
3876	-0.040434	-0.237348
3877	-0.040455	-0.238571
3878	-0.040469	-0.239822
3879	-0.040495	-0.241057
3880	-0.040518	-0.242320
3881	-0.040541	-0.243598
3882	-0.040553	-0.244894
3883	-0.040581	-0.246192
3884	-0.040605	-0.247509
3885	-0.040627	-0.248844
3886	-0.040658	-0.250187
3887	-0.040674	-0.251554
3888	-0.040698	-0.252933
3889	-0.040723	-0.254327
3890	-0.040750	-0.255736
3891	-0.040773	-0.257164
3892	-0.040796	-0.258605
3893	-0.040823	-0.260064
3894	-0.040825	-0.261545
3895	-0.040877	-0.263035
3896	-0.040901	-0.264546
3897	-0.040929	-0.266072
3898	-0.040954	-0.267617
3899	-0.040988	-0.269189
3900	-0.041015	-0.270775
3901	-0.041044	-0.272378
3902	-0.041083	-0.274008
3903	-0.041104	-0.275647
3904	-0.041135	-0.277313
3905	-0.041167	-0.279000
3906	-0.041198	-0.280709
3907	-0.041231	-0.282437
3908	-0.041266	-0.284190
3909	-0.041298	-0.285963
3910	-0.041312	-0.287740
3911	-0.041368	-0.289579
3912	-0.041405	-0.291427
3913	-0.041439	-0.293296
3914	-0.041483	-0.295192
3915	-0.041514	-0.297114
3916	-0.041553	-0.299063
3917	-0.041595	-0.301035
3918	-0.041622	-0.303033
3919	-0.041674	-0.305065
3920	-0.041715	-0.307125
3921	-0.041755	-0.309215
3922	-0.041796	-0.311335
3923	-0.041842	-0.313480
3924	-0.041886	-0.315660
3925	-0.041932	-0.317870
3926	-0.041982	-0.320113
3927	-0.042026	-0.322392
3928	-0.042076	-0.324709
3929	-0.042123	-0.327055
3930	-0.042172	-0.329440
3931	-0.042225	-0.331862
3932	-0.042277	-0.334318
3933	-0.042328	-0.336814
3934	-0.042392	-0.339343
3935	-0.042439	-0.341935
3936	-0.042498	-0.344554
3937	-0.042556	-0.347216
3938	-0.042617	-0.349922
3939	-0.042674	-0.352676
3940	-0.042738	-0.355475
3941	-0.042799	-0.358321
3942	-0.042886	-0.361212
3943	-0.042933	-0.364165
3944	-0.043000	-0.367161
3945	-0.043068	-0.370214
3946	-0.043144	-0.373314
3947	-0.043215	-0.376481
3948	-0.043289	-0.379699
3949	-0.043365	-0.382978
3950	-0.043452	-0.386327
3951	-0.043524	-0.389722
3952	-0.043605	-0.393194
3953	-0.043690	-0.396727
3954	-0.043757	-0.400321
3955	-0.043861	-0.404008
3956	-0.043954	-0.407758
3957	-0.044049	-0.411584
3958	-0.044147	-0.415485
3959	-0.044242	-0.419471
3960	-0.044342	-0.423541
3961	-0.044444	-0.427694
3962	-0.044558	-0.431941
3963	-0.044661	-0.436273
3964	-0.044772	-0.440707
3965	-0.044889	-0.445237
3966	-0.045025	-0.449855
3967	-0.045129	-0.454609
3968	-0.045254	-0.459462
3969	-0.045382	-0.464426
3970	-0.045509	-0.469506
3971	-0.045654	-0.474712
3972	-0.045795	-0.480044
3973	-0.045940	-0.485512
3974	-0.046139	-0.491147
3975	-0.046247	-0.496866
3976	-0.046408	-0.502763
3977	-0.046573	-0.508816
3978	-0.046745	-0.515027
3979	-0.046920	-0.521422
3980	-0.047099	-0.527980
3981	-0.047288	-0.534730
3982	-0.047435	-0.541713
3983	-0.047685	-0.548814
3984	-0.047897	-0.556171
3985	-0.048111	-0.563745
3986	-0.048336	-0.571553
3987	-0.048570	-0.579603
3988	-0.048814	-0.587915
3989	-0.049063	-0.596495
3990	-0.049311	-0.605376
3991	-0.049598	-0.614509
3992	-0.049880	-0.623985
3993	-0.050176	-0.633786
3994	-0.050482	-0.643936
3995	-0.050803	-0.654464
3996	-0.051136	-0.665377
3997	-0.051484	-0.676709
3998	-0.051834	-0.688488
3999	-0.052230	-0.700718
4000	-0.052630	-0.713453
4001	-0.053048	-0.726720
4002	-0.053490	-0.740551
4003	-0.053947	-0.754987
4004	-0.054430	-0.770070
4005	-0.054942	-0.785841
4006	-0.055465	-0.802380
4007	-0.056041	-0.819683
4008	-0.056641	-0.837864
4009	-0.057272	-0.856976
4010	-0.057940	-0.877099
4011	-0.058652	-0.898311
4012	-0.059403	-0.920711
4013	-0.060204	-0.944405
4014	-0.061063	-0.969506
4015	-0.061969	-0.996177
4016	-0.062947	-1.024537
4017	-0.063993	-1.054781
4018	-0.065128	-1.087099
4019	-0.066328	-1.121723
4020	-0.067634	-1.158915
4021	-0.069050	-1.198986
4022	-0.070597	-1.242295
4023	-0.072266	-1.289246
4024	-0.074097	-1.340352
4025	-0.076111	-1.396193
4026	-0.078340	-1.457481
4027	-0.080791	-1.525070
4028	-0.083531	-1.600010
4029	-0.086596	-1.683591
4030	-0.090061	-1.777444
4031	-0.093990	-1.883582
4032	-0.098488	-2.004670
4033	-0.103693	-2.144146
4034	-0.109783	-2.306605
4035	-0.116980	-2.498296
4036	-0.125641	-2.728016
4037	-0.136243	-3.008428
4038	-0.149534	-3.358607
4039	-0.166618	-3.808355
4040	-0.189450	-4.407688
4041	-0.221475	-5.246496
4042	-0.269600	-6.504911
4043	-0.349994	-8.604200
4044	-0.511369	-12.813360
4045	-0.999666	-25.540131
4046	78.501076	2045.741699
4047	0.918731	24.431152
4048	0.448010	12.161963
4049	0.289897	8.037301
4050	0.210653	5.967328
4051	0.163076	4.722191
4052	0.131356	3.890289
4053	0.108721	3.294795
4054	0.091758	2.847214
4055	0.078597	2.498169
4056	0.068088	2.218219
4057	0.059510	1.988487
4058	0.052383	1.796413
4059	0.046373	1.633301
4060	0.041242	1.492923
4061	0.036816	1.370722
4062	0.032952	1.263293
4063	0.029575	1.167966
4064	0.026589	1.082752
4065	0.023933	1.006024
4066	0.021551	0.936495
4067	0.019429	0.873118
4068	0.017512	0.815037
4069	0.015778	0.761545
4070	0.014210	0.712052
4071	0.012779	0.666063
4072	0.011480	0.623151
4073	0.010291	0.582961
4074	0.009209	0.545180
4075	0.008213	0.509541
4076	0.007305	0.475812
4077	0.006475	0.443787
4078	0.005731	0.413282
4079	0.005014	0.384158
4080	0.004379	0.356247
4081	0.003798	0.329437
4082	0.003283	0.303650
4083	0.002782	0.278658
4084	0.002349	0.254495
4085	0.001954	0.231035
4086	0.001616	0.208202
4087	0.001288	0.185904
4088	0.001012	0.164097
4089	0.000771	0.142706
4090	0.000565	0.121686
4091	0.000392	0.100947
4092	0.000252	0.080464
4093	0.000143	0.060180
4094	0.000081	0.040041
4095	0.000017	0.019997
